01d00h03m-01d20h31m:15,10,30,10,30,18
01d01h05m-01d23h59m:15,40,27,40
01d02h37m-01d23h59m:60,10,60,25
01d03h15m-01d20h29m:57,30,57,45
01d04h34m-01d21h28m:15,25,15,30,20,30,20,35,30,35,30,40
01d05h53m-01d21h19m:25,25,30,25,30,30,35,30
01d06h58m-01d20h30m:42,08,42,15,47,15,47,27,55,27
01d07h46m-01d20h52m:67,37,67,22
01d09h10m-01d23h59m:17,15,25,15
01d09h46m-01d23h59m:50,10,55,10,55,25
01d10h55m-01d22h15m:10,20,40,20,40,35
02d00h08m-02d23h59m:15,10,30,10,30,18
02d01h03m-02d23h59m:08,03,08,23,20,23
02d01h43m-02d21h10m:60,10,60,25
02d02h51m-02d22h17m:15,25,15,30,20,30,20,35,30,35,30,40
02d03h33m-02d23h59m:25,25,30,25,30,30,35,30
02d04h27m-02d22h54m:15,03,22,03,22,08,37,08,37,12
02d05h17m-02d21h26m:42,08,42,15,47,15,47,27,55,27
02d06h17m-02d20h32m:67,37,67,22
02d07h04m-02d20h37m:17,15,25,15
02d07h51m-02d22h02m:50,10,55,10,55,25
02d08h54m-02d20h28m:25,45,45,45,45,40
02d09h46m-02d20h29m:10,20,40,20,40,35
02d10h23m-02d20h13m:15,10,30,10,30,18
02d11h14m-02d20h50m:08,03,08,23,20,23
03d00h24m-03d21h41m:60,10,60,25
03d01h28m-03d23h59m:57,30,57,45
03d02h19m-03d20h19m:15,25,15,30,20,30,20,35,30,35,30,40
03d03h03m-03d22h04m:15,03,22,03,22,08,37,08,37,12
03d04h16m-03d23h59m:67,37,67,22
03d05h13m-03d23h59m:50,10,55,10,55,25
03d06h21m-03d22h32m:25,45,45,45,45,40
03d07h18m-03d20h44m:10,20,40,20,40,35
03d08h06m-03d21h23m:05,20,05,35
03d09h23m-03d20h42m:15,40,27,40
03d10h27m-03d20h24m:60,10,60,25
03d11h04m-03d21h34m:15,25,15,30,20,30,20,35,30,35,30,40
04d00h06m-04d22h08m:15,03,22,03,22,08,37,08,37,12
04d01h06m-04d21h17m:42,08,42,15,47,15,47,27,55,27
04d01h55m-04d22h34m:67,37,67,22
04d02h37m-04d21h40m:50,10,55,10,55,25
04d03h25m-04d23h59m:10,20,40,20,40,35
04d04h38m-04d22h35m:05,20,05,35
04d05h20m-04d22h58m:15,40,27,40
04d06h21m-04d20h50m:60,10,60,25
04d06h53m-04d22h42m:57,30,57,45
04d07h42m-04d20h47m:25,25,30,25,30,30,35,30
04d08h48m-04d21h39m:42,08,42,15,47,15,47,27,55,27
04d09h41m-04d21h31m:67,37,67,22
04d10h23m-04d21h45m:50,10,55,10,55,25
04d11h19m-04d21h08m:25,45,45,45,45,40
05d00h20m-05d21h30m:10,20,40,20,40,35
05d01h04m-05d21h07m:05,20,05,35
05d02h23m-05d21h12m:15,40,27,40
05d03h00m-05d23h59m:60,10,60,25
05d04h17m-05d22h54m:57,30,57,45
05d05h19m-05d21h07m:25,25,30,25,30,30,35,30
05d06h21m-05d20h40m:15,03,22,03,22,08,37,08,37,12
05d07h27m-05d23h59m:42,08,42,15,47,15,47,27,55,27
05d08h20m-05d22h53m:67,37,67,22
05d09h14m-05d23h59m:17,15,25,15
05d10h04m-05d22h16m:25,45,45,45,45,40
05d11h16m-05d21h18m:10,20,40,20,40,35
06d00h20m-06d23h59m:15,10,30,10,30,18
06d01h26m-06d22h24m:08,03,08,23,20,23
06d02h50m-06d23h59m:60,10,60,25
06d04h11m-06d21h42m:57,30,57,45
06d05h17m-06d21h23m:25,25,30,25,30,30,35,30
06d06h28m-06d23h59m:42,08,42,15,47,15,47,27,55,27
06d07h28m-06d21h37m:67,37,67,22
06d08h49m-06d21h10m:50,10,55,10,55,25
06d09h42m-06d22h19m:10,20,40,20,40,35
06d11h15m-06d21h20m:15,10,30,10,30,18
07d00h11m-07d21h51m:08,03,08,23,20,23
07d01h28m-07d22h51m:57,30,57,45
07d02h28m-07d20h09m:25,25,30,25,30,30,35,30
07d03h38m-07d23h59m:15,03,22,03,22,08,37,08,37,12
07d04h50m-07d21h37m:67,37,67,22
07d05h43m-07d22h51m:17,15,25,15
07d06h36m-07d21h36m:25,45,45,45,45,40
07d07h40m-07d22h00m:10,20,40,20,40,35
07d09h04m-07d23h59m:05,20,05,35
07d10h03m-07d20h30m:15,40,27,40
07d11h13m-07d20h17m:08,03,08,23,20,23
08d00h09m-08d21h01m:57,30,57,45
08d01h19m-08d20h31m:25,25,30,25,30,30,35,30
08d01h54m-08d23h59m:42,08,42,15,47,15,47,27,55,27
08d03h01m-08d22h11m:67,37,67,22
08d03h56m-08d23h59m:17,15,25,15
08d04h42m-08d21h04m:25,45,45,45,45,40
08d05h31m-08d23h59m:10,20,40,20,40,35
08d06h28m-08d23h59m:15,10,30,10,30,18
08d07h23m-08d22h17m:15,40,27,40
08d08h36m-08d20h17m:60,10,60,25
08d09h30m-08d23h59m:57,30,57,45
08d10h23m-08d21h53m:25,25,30,25,30,30,35,30
08d11h18m-08d20h05m:15,03,22,03,22,08,37,08,37,12
09d00h19m-09d22h46m:67,37,67,22
09d01h11m-09d21h56m:50,10,55,10,55,25
09d01h43m-09d20h20m:10,20,40,20,40,35
09d02h42m-09d21h12m:05,20,05,35
09d03h28m-09d21h52m:15,10,30,10,30,18
09d04h22m-09d22h15m:15,40,27,40
09d05h16m-09d21h06m:60,10,60,25
09d06h08m-09d21h04m:57,30,57,45
09d07h08m-09d22h48m:15,25,15,30,20,30,20,35,30,35,30,40
09d07h44m-09d21h49m:15,03,22,03,22,08,37,08,37,12
09d08h35m-09d22h06m:42,08,42,15,47,15,47,27,55,27
09d09h35m-09d22h54m:67,37,67,22
09d10h28m-09d21h44m:50,10,55,10,55,25
09d11h15m-09d22h23m:25,45,45,45,45,40
10d00h09m-10d22h17m:05,20,05,35
10d01h13m-10d23h59m:15,40,27,40
10d02h35m-10d21h58m:08,03,08,23,20,23
10d03h31m-10d20h00m:57,30,57,45
10d04h20m-10d21h38m:25,25,30,25,30,30,35,30
10d05h47m-10d23h59m:15,03,22,03,22,08,37,08,37,12
10d06h46m-10d21h28m:42,08,42,15,47,15,47,27,55,27
10d07h48m-10d21h06m:67,37,67,22
10d09h09m-10d23h59m:17,15,25,15
10d10h10m-10d20h45m:25,45,45,45,45,40
10d10h54m-10d21h07m:05,20,05,35
11d00h02m-11d22h12m:15,40,27,40
11d01h07m-11d23h59m:60,10,60,25
11d02h01m-11d20h16m:15,25,15,30,20,30,20,35,30,35,30,40
11d02h51m-11d21h44m:15,03,22,03,22,08,37,08,37,12
11d03h57m-11d21h15m:67,37,67,22
11d05h00m-11d20h48m:17,15,25,15
11d05h55m-11d22h38m:50,10,55,10,55,25
11d06h26m-11d22h47m:25,45,45,45,45,40
11d07h26m-11d22h13m:10,20,40,20,40,35
11d08h15m-11d21h19m:05,20,05,35
11d09h19m-11d23h59m:15,10,30,10,30,18
11d10h17m-11d20h03m:15,40,27,40
11d11h11m-11d20h56m:08,03,08,23,20,23
12d00h25m-12d21h50m:60,10,60,25
12d01h01m-12d20h29m:57,30,57,45
12d02h14m-12d20h37m:25,25,30,25,30,30,35,30
12d02h52m-12d21h04m:15,03,22,03,22,08,37,08,37,12
12d03h52m-12d20h19m:67,37,67,22
12d04h39m-12d22h54m:50,10,55,10,55,25
12d05h54m-12d22h55m:10,20,40,20,40,35
12d06h29m-12d20h51m:15,10,30,10,30,18
12d07h22m-12d21h33m:15,40,27,40
12d08h32m-12d22h14m:08,03,08,23,20,23
12d09h22m-12d23h59m:57,30,57,45
12d10h10m-12d21h37m:15,25,15,30,20,30,20,35,30,35,30,40
12d11h10m-12d22h31m:25,25,30,25,30,30,35,30
13d00h05m-13d20h30m:15,03,22,03,22,08,37,08,37,12
13d01h06m-13d22h24m:42,08,42,15,47,15,47,27,55,27
13d02h21m-13d22h27m:67,37,67,22
13d03h40m-13d22h16m:17,15,25,15
13d04h37m-13d21h16m:25,45,45,45,45,40
13d05h53m-13d23h59m:05,20,05,35
13d06h32m-13d22h55m:15,40,27,40
13d07h47m-13d20h59m:08,03,08,23,20,23
13d09h07m-13d20h37m:60,10,60,25
13d09h48m-13d21h55m:15,25,15,30,20,30,20,35,30,35,30,40
13d10h54m-13d22h37m:15,03,22,03,22,08,37,08,37,12
14d00h15m-14d21h52m:42,08,42,15,47,15,47,27,55,27
14d01h35m-14d20h58m:17,15,25,15
14d03h09m-14d21h15m:25,45,45,45,45,40
14d04h29m-14d22h47m:05,20,05,35
14d05h50m-14d20h18m:15,40,27,40
14d06h55m-14d20h24m:60,10,60,25
14d08h02m-14d20h50m:15,25,15,30,20,30,20,35,30,35,30,40
14d09h47m-14d21h40m:15,03,22,03,22,08,37,08,37,12
14d10h42m-14d21h41m:67,37,67,22
15d00h05m-15d20h40m:17,15,25,15
15d02h04m-15d20h01m:25,45,45,45,45,40
15d03h08m-15d20h25m:10,20,40,20,40,35
15d04h53m-15d21h03m:05,20,05,35
15d06h23m-15d21h26m:15,40,27,40
15d07h59m-15d23h59m:60,10,60,25
15d09h10m-15d20h33m:15,25,15,30,20,30,20,35,30,35,30,40
15d10h30m-15d20h42m:15,03,22,03,22,08,37,08,37,12
16d00h10m-16d20h18m:42,08,42,15,47,15,47,27,55,27
16d01h13m-16d23h59m:17,15,25,15
16d02h11m-16d22h48m:50,10,55,10,55,25
16d03h05m-16d22h06m:25,45,45,45,45,40
16d03h50m-16d21h47m:05,20,05,35
16d05h01m-16d22h59m:15,40,27,40
16d05h46m-16d23h59m:60,10,60,25
16d06h44m-16d22h03m:15,25,15,30,20,30,20,35,30,35,30,40
16d07h38m-16d23h59m:15,03,22,03,22,08,37,08,37,12
16d08h33m-16d22h01m:67,37,67,22
16d09h14m-16d22h39m:50,10,55,10,55,25
16d10h11m-16d20h52m:25,45,45,45,45,40
16d11h11m-16d20h12m:10,20,40,20,40,35
17d00h13m-17d22h59m:15,10,30,10,30,18
17d01h21m-17d23h59m:08,03,08,23,20,23
17d02h15m-17d20h49m:57,30,57,45
17d03h02m-17d22h24m:25,25,30,25,30,30,35,30
17d03h42m-17d22h21m:15,03,22,03,22,08,37,08,37,12
17d04h45m-17d21h10m:67,37,67,22
17d05h55m-17d23h59m:17,15,25,15
17d06h42m-17d23h59m:25,45,45,45,45,40
17d07h35m-17d23h59m:05,20,05,35
17d08h18m-17d21h12m:15,10,30,10,30,18
17d09h12m-17d23h59m:08,03,08,23,20,23
17d10h31m-17d21h07m:57,30,57,45
17d11h12m-17d23h59m:25,25,30,25,30,30,35,30
18d00h14m-18d21h44m:42,08,42,15,47,15,47,27,55,27
18d01h10m-18d22h57m:67,37,67,22
18d01h53m-18d20h06m:17,15,25,15
18d02h57m-18d22h59m:50,10,55,10,55,25
18d03h54m-18d20h59m:10,20,40,20,40,35
18d04h47m-18d21h13m:15,10,30,10,30,18
18d05h39m-18d20h17m:15,40,27,40
18d06h43m-18d22h21m:08,03,08,23,20,23
18d07h32m-18d22h43m:60,10,60,25
18d08h37m-18d20h09m:15,25,15,30,20,30,20,35,30,35,30,40
18d09h15m-18d20h00m:25,25,30,25,30,30,35,30
18d10h11m-18d23h59m:42,08,42,15,47,15,47,27,55,27
18d11h27m-18d20h31m:67,37,67,22
19d00h03m-19d21h13m:50,10,55,10,55,25
19d01h31m-19d21h11m:25,45,45,45,45,40
19d02h19m-19d23h59m:10,20,40,20,40,35
19d03h26m-19d22h34m:15,10,30,10,30,18
19d04h44m-19d23h59m:15,40,27,40
19d05h45m-19d22h43m:08,03,08,23,20,23
19d07h00m-19d23h59m:57,30,57,45
19d07h43m-19d21h01m:15,25,15,30,20,30,20,35,30,35,30,40
19d09h01m-19d22h55m:15,03,22,03,22,08,37,08,37,12
19d10h16m-19d23h59m:67,37,67,22
19d10h57m-19d20h57m:17,15,25,15
20d00h28m-20d23h59m:50,10,55,10,55,25
20d01h33m-20d23h59m:10,20,40,20,40,35
20d02h59m-20d22h11m:15,10,30,10,30,18
20d03h37m-20d22h04m:15,40,27,40
20d05h16m-20d21h21m:60,10,60,25
20d06h14m-20d20h14m:15,25,15,30,20,30,20,35,30,35,30,40
20d07h13m-20d20h18m:25,25,30,25,30,30,35,30
20d08h36m-20d20h39m:42,08,42,15,47,15,47,27,55,27
20d09h45m-20d23h59m:17,15,25,15
20d11h11m-20d21h01m:50,10,55,10,55,25
21d00h21m-21d22h33m:25,45,45,45,45,40
21d01h30m-21d20h29m:10,20,40,20,40,35
21d02h27m-21d20h45m:05,20,05,35
21d03h17m-21d21h22m:15,40,27,40
21d04h39m-21d22h47m:60,10,60,25
21d05h36m-21d20h20m:57,30,57,45
21d06h56m-21d23h59m:15,25,15,30,20,30,20,35,30,35,30,40
21d07h57m-21d21h51m:15,03,22,03,22,08,37,08,37,12
21d09h00m-21d23h59m:42,08,42,15,47,15,47,27,55,27
21d10h02m-21d21h57m:67,37,67,22
21d11h04m-21d22h20m:50,10,55,10,55,25
22d00h34m-22d23h59m:25,45,45,45,45,40
22d01h32m-22d22h06m:10,20,40,20,40,35
22d02h41m-22d21h06m:15,10,30,10,30,18
22d04h09m-22d22h05m:15,40,27,40
22d05h24m-22d21h31m:60,10,60,25
22d06h58m-22d23h59m:57,30,57,45
22d08h29m-22d23h59m:15,25,15,30,20,30,20,35,30,35,30,40
22d09h42m-22d21h09m:25,25,30,25,30,30,35,30
22d10h48m-22d22h40m:42,08,42,15,47,15,47,27,55,27
23d00h13m-23d20h45m:67,37,67,22
23d01h12m-23d23h59m:17,15,25,15
23d02h16m-23d21h34m:25,45,45,45,45,40
23d02h45m-23d20h44m:05,20,05,35
23d03h47m-23d23h59m:15,10,30,10,30,18
23d04h45m-23d20h20m:15,40,27,40
23d05h55m-23d23h59m:60,10,60,25
23d06h31m-23d21h33m:57,30,57,45
23d07h40m-23d22h08m:25,25,30,25,30,30,35,30
23d08h19m-23d20h33m:15,03,22,03,22,08,37,08,37,12
23d09h17m-23d21h11m:67,37,67,22
23d10h05m-23d20h43m:17,15,25,15
23d11h01m-23d23h59m:25,45,45,45,45,40
24d00h05m-24d22h28m:05,20,05,35
24d01h38m-24d20h00m:15,40,27,40
24d02h53m-24d21h06m:60,10,60,25
24d04h33m-24d23h59m:15,25,15,30,20,30,20,35,30,35,30,40
24d05h30m-24d20h47m:15,03,22,03,22,08,37,08,37,12
24d06h40m-24d22h54m:67,37,67,22
24d08h28m-24d22h43m:50,10,55,10,55,25
24d09h43m-24d21h08m:10,20,40,20,40,35
24d10h50m-24d23h59m:15,10,30,10,30,18
25d00h07m-25d20h43m:08,03,08,23,20,23
25d01h21m-25d21h56m:57,30,57,45
25d02h26m-25d23h59m:25,25,30,25,30,30,35,30
25d03h00m-25d20h49m:15,03,22,03,22,08,37,08,37,12
25d04h04m-25d21h29m:42,08,42,15,47,15,47,27,55,27
25d05h24m-25d22h55m:67,37,67,22
25d06h00m-25d22h38m:50,10,55,10,55,25
25d07h10m-25d21h05m:10,20,40,20,40,35
25d08h24m-25d21h54m:15,10,30,10,30,18
25d09h04m-25d20h45m:08,03,08,23,20,23
25d10h11m-25d20h33m:57,30,57,45
25d11h09m-25d21h44m:25,25,30,25,30,30,35,30
26d00h26m-26d20h54m:42,08,42,15,47,15,47,27,55,27
26d01h25m-26d20h29m:67,37,67,22
26d02h48m-26d21h50m:17,15,25,15
26d03h55m-26d21h00m:50,10,55,10,55,25
26d05h08m-26d20h28m:10,20,40,20,40,35
26d06h01m-26d20h09m:05,20,05,35
26d07h14m-26d22h51m:15,40,27,40
26d08h30m-26d20h52m:08,03,08,23,20,23
26d09h36m-26d20h22m:60,10,60,25
26d11h23m-26d22h53m:15,25,15,30,20,30,20,35,30,35,30,40
27d00h03m-27d20h08m:25,25,30,25,30,30,35,30
27d01h06m-27d20h07m:15,03,22,03,22,08,37,08,37,12
27d02h01m-27d21h51m:42,08,42,15,47,15,47,27,55,27
27d02h41m-27d21h39m:17,15,25,15
27d03h32m-27d20h18m:50,10,55,10,55,25
27d04h36m-27d21h10m:25,45,45,45,45,40
27d05h13m-27d23h59m:05,20,05,35
27d06h15m-27d21h00m:15,40,27,40
27d07h11m-27d23h59m:60,10,60,25
27d07h43m-27d20h47m:57,30,57,45
27d08h38m-27d22h48m:15,25,15,30,20,30,20,35,30,35,30,40
27d09h23m-27d21h40m:15,03,22,03,22,08,37,08,37,12
27d10h19m-27d21h18m:67,37,67,22
27d11h07m-27d22h00m:50,10,55,10,55,25
28d00h22m-28d22h59m:10,20,40,20,40,35
28d01h10m-28d22h17m:15,10,30,10,30,18
28d01h49m-28d20h40m:08,03,08,23,20,23
28d02h38m-28d21h46m:57,30,57,45
28d03h31m-28d23h59m:25,25,30,25,30,30,35,30
28d04h29m-28d21h40m:42,08,42,15,47,15,47,27,55,27
28d05h12m-28d21h56m:17,15,25,15
28d06h11m-28d21h12m:25,45,45,45,45,40
28d07h03m-28d20h19m:05,20,05,35
28d07h53m-28d20h05m:15,10,30,10,30,18
28d08h30m-28d22h52m:08,03,08,23,20,23
28d09h36m-28d21h16m:57,30,57,45
28d10h13m-28d22h25m:25,25,30,25,30,30,35,30
28d11h16m-28d21h52m:42,08,42,15,47,15,47,27,55,27
