01d00h16m-01d22h55m:15,10,30,10,30,18
01d01h08m-01d22h42m:15,40,27,40
01d02h11m-01d20h51m:08,03,08,23,20,23
01d02h56m-01d20h18m:60,10,60,25
01d03h48m-01d22h03m:15,25,15,30,20,30,20,35,30,35,30,40
01d04h42m-01d20h56m:15,03,22,03,22,08,37,08,37,12
01d05h56m-01d20h58m:42,08,42,15,47,15,47,27,55,27
01d06h51m-01d22h59m:67,37,67,22
01d07h45m-01d21h15m:17,15,25,15
01d08h16m-01d21h10m:50,10,55,10,55,25
01d09h30m-01d20h42m:25,45,45,45,45,40
01d10h16m-01d21h38m:05,20,05,35
01d11h17m-01d23h59m:15,40,27,40
02d00h30m-02d20h28m:60,10,60,25
02d02h12m-02d23h59m:15,25,15,30,20,30,20,35,30,35,30,40
02d03h18m-02d20h14m:25,25,30,25,30,30,35,30
02d04h40m-02d21h21m:42,08,42,15,47,15,47,27,55,27
02d06h27m-02d23h59m:17,15,25,15
02d07h36m-02d20h46m:50,10,55,10,55,25
02d09h26m-02d21h36m:10,20,40,20,40,35
02d11h07m-02d20h20m:15,10,30,10,30,18
03d00h15m-03d21h55m:08,03,08,23,20,23
03d01h19m-03d23h59m:60,10,60,25
03d02h19m-03d20h12m:15,25,15,30,20,30,20,35,30,35,30,40
03d03h23m-03d22h39m:25,25,30,25,30,30,35,30
03d04h44m-03d22h47m:42,08,42,15,47,15,47,27,55,27
03d05h42m-03d23h59m:17,15,25,15
03d06h54m-03d20h29m:25,45,45,45,45,40
03d07h40m-03d22h28m:05,20,05,35
03d09h00m-03d23h59m:15,10,30,10,30,18
03d10h09m-03d20h33m:15,40,27,40
03d11h05m-03d22h36m:08,03,08,23,20,23
04d00h26m-04d23h59m:57,30,57,45
04d01h26m-04d21h02m:15,25,15,30,20,30,20,35,30,35,30,40
04d02h14m-04d21h01m:15,03,22,03,22,08,37,08,37,12
04d03h01m-04d21h54m:42,08,42,15,47,15,47,27,55,27
04d04h27m-04d20h16m:67,37,67,22
04d05h09m-04d23h59m:17,15,25,15
04d06h22m-04d23h59m:50,10,55,10,55,25
04d07h29m-04d20h20m:10,20,40,20,40,35
04d08h18m-04d23h59m:15,10,30,10,30,18
04d09h25m-04d22h08m:15,40,27,40
04d10h29m-04d21h56m:60,10,60,25
04d11h27m-04d20h27m:15,25,15,30,20,30,20,35,30,35,30,40
05d00h15m-05d22h09m:25,25,30,25,30,30,35,30
05d01h13m-05d20h38m:42,08,42,15,47,15,47,27,55,27
05d02h23m-05d21h33m:67,37,67,22
05d03h22m-05d21h52m:17,15,25,15
05d04h13m-05d23h59m:50,10,55,10,55,25
05d05h03m-05d21h59m:10,20,40,20,40,35
05d06h14m-05d22h13m:15,10,30,10,30,18
05d07h10m-05d20h49m:08,03,08,23,20,23
05d08h11m-05d22h39m:60,10,60,25
05d09h03m-05d20h17m:57,30,57,45
05d10h24m-05d21h27m:25,25,30,25,30,30,35,30
05d11h26m-05d22h50m:42,08,42,15,47,15,47,27,55,27
06d00h18m-06d23h59m:67,37,67,22
06d01h31m-06d21h26m:17,15,25,15
06d02h25m-06d20h43m:50,10,55,10,55,25
06d04h04m-06d22h19m:10,20,40,20,40,35
06d05h14m-06d23h59m:15,10,30,10,30,18
06d06h05m-06d21h47m:08,03,08,23,20,23
06d07h18m-06d22h36m:60,10,60,25
06d08h43m-06d20h32m:57,30,57,45
06d09h46m-06d23h59m:25,25,30,25,30,30,35,30
06d10h55m-06d20h44m:15,03,22,03,22,08,37,08,37,12
07d00h03m-07d23h59m:42,08,42,15,47,15,47,27,55,27
07d01h07m-07d22h00m:67,37,67,22
07d02h10m-07d21h25m:17,15,25,15
07d03h22m-07d23h59m:50,10,55,10,55,25
07d04h10m-07d21h00m:10,20,40,20,40,35
07d05h27m-07d20h16m:15,10,30,10,30,18
07d06h15m-07d22h02m:08,03,08,23,20,23
07d07h26m-07d22h23m:60,10,60,25
07d08h20m-07d22h45m:15,25,15,30,20,30,20,35,30,35,30,40
07d09h08m-07d23h59m:25,25,30,25,30,30,35,30
07d10h16m-07d22h59m:15,03,22,03,22,08,37,08,37,12
07d11h26m-07d22h52m:67,37,67,22
08d00h09m-08d20h09m:50,10,55,10,55,25
08d01h06m-08d22h51m:10,20,40,20,40,35
08d02h14m-08d23h59m:15,10,30,10,30,18
08d02h51m-08d21h11m:08,03,08,23,20,23
08d03h56m-08d20h42m:60,10,60,25
08d04h44m-08d23h59m:15,25,15,30,20,30,20,35,30,35,30,40
08d05h37m-08d23h59m:15,03,22,03,22,08,37,08,37,12
08d06h40m-08d21h30m:42,08,42,15,47,15,47,27,55,27
08d07h37m-08d20h52m:17,15,25,15
08d08h24m-08d20h16m:50,10,55,10,55,25
08d09h28m-08d20h46m:10,20,40,20,40,35
08d10h05m-08d20h16m:15,10,30,10,30,18
08d11h25m-08d23h59m:15,40,27,40
09d00h22m-09d21h34m:60,10,60,25
09d01h43m-09d20h27m:57,30,57,45
09d02h59m-09d20h33m:15,25,15,30,20,30,20,35,30,35,30,40
09d03h49m-09d20h13m:15,03,22,03,22,08,37,08,37,12
09d04h57m-09d20h43m:42,08,42,15,47,15,47,27,55,27
09d06h00m-09d22h44m:17,15,25,15
09d07h27m-09d20h39m:25,45,45,45,45,40
09d08h40m-09d21h15m:05,20,05,35
09d10h07m-09d20h25m:15,40,27,40
09d11h21m-09d21h32m:08,03,08,23,20,23
10d00h16m-10d22h38m:60,10,60,25
10d01h15m-10d23h59m:57,30,57,45
10d02h06m-10d23h59m:15,25,15,30,20,30,20,35,30,35,30,40
10d02h54m-10d20h20m:15,03,22,03,22,08,37,08,37,12
10d03h36m-10d20h14m:42,08,42,15,47,15,47,27,55,27
10d04h38m-10d20h43m:67,37,67,22
10d05h18m-10d22h09m:50,10,55,10,55,25
10d06h09m-10d23h59m:25,45,45,45,45,40
10d07h04m-10d21h54m:10,20,40,20,40,35
10d07h58m-10d23h59m:15,10,30,10,30,18
10d08h54m-10d23h59m:08,03,08,23,20,23
10d09h33m-10d22h59m:60,10,60,25
10d10h22m-10d21h19m:15,25,15,30,20,30,20,35,30,35,30,40
10d11h13m-10d22h18m:25,25,30,25,30,30,35,30
11d00h15m-11d23h59m:15,03,22,03,22,08,37,08,37,12
11d01h06m-11d22h13m:67,37,67,22
11d01h56m-11d22h54m:50,10,55,10,55,25
11d02h35m-11d23h59m:10,20,40,20,40,35
11d03h26m-11d23h59m:15,10,30,10,30,18
11d04h25m-11d22h52m:08,03,08,23,20,23
11d05h22m-11d23h59m:57,30,57,45
11d06h02m-11d22h44m:15,25,15,30,20,30,20,35,30,35,30,40
11d07h00m-11d20h49m:25,25,30,25,30,30,35,30
11d07h54m-11d21h37m:42,08,42,15,47,15,47,27,55,27
11d08h34m-11d22h17m:17,15,25,15
11d09h36m-11d20h01m:50,10,55,10,55,25
11d10h29m-11d21h57m:25,45,45,45,45,40
11d11h10m-11d20h23m:10,20,40,20,40,35
12d00h15m-12d22h09m:05,20,05,35
12d01h14m-12d20h21m:15,10,30,10,30,18
12d01h57m-12d20h16m:08,03,08,23,20,23
12d02h57m-12d23h59m:57,30,57,45
12d03h46m-12d21h58m:25,25,30,25,30,30,35,30
12d04h44m-12d21h19m:15,03,22,03,22,08,37,08,37,12
12d05h32m-12d20h03m:67,37,67,22
12d06h51m-12d23h59m:50,10,55,10,55,25
12d07h28m-12d20h49m:10,20,40,20,40,35
12d08h31m-12d23h59m:05,20,05,35
12d09h25m-12d21h07m:15,40,27,40
12d10h17m-12d22h25m:08,03,08,23,20,23
12d11h09m-12d20h48m:60,10,60,25
13d00h28m-13d20h11m:57,30,57,45
13d01h12m-13d21h42m:25,25,30,25,30,30,35,30
13d02h11m-13d22h06m:15,03,22,03,22,08,37,08,37,12
13d03h02m-13d20h18m:42,08,42,15,47,15,47,27,55,27
13d04h29m-13d22h57m:17,15,25,15
13d05h21m-13d20h42m:25,45,45,45,45,40
13d06h08m-13d23h59m:05,20,05,35
13d07h12m-13d21h21m:15,10,30,10,30,18
13d08h29m-13d22h25m:08,03,08,23,20,23
13d09h13m-13d21h12m:60,10,60,25
13d10h23m-13d20h02m:57,30,57,45
13d11h19m-13d23h59m:15,25,15,30,20,30,20,35,30,35,30,40
14d00h15m-14d20h18m:15,03,22,03,22,08,37,08,37,12
14d01h48m-14d21h34m:42,08,42,15,47,15,47,27,55,27
14d03h43m-14d23h59m:17,15,25,15
14d04h58m-14d21h25m:50,10,55,10,55,25
14d06h43m-14d20h42m:10,20,40,20,40,35
14d07h38m-14d20h31m:05,20,05,35
14d09h26m-14d23h59m:15,40,27,40
14d10h49m-14d21h50m:08,03,08,23,20,23
15d00h13m-15d23h59m:57,30,57,45
15d02h04m-15d23h59m:25,25,30,25,30,30,35,30
15d03h19m-15d20h08m:15,03,22,03,22,08,37,08,37,12
15d04h52m-15d22h02m:42,08,42,15,47,15,47,27,55,27
15d06h40m-15d23h59m:17,15,25,15
15d07h44m-15d20h55m:25,45,45,45,45,40
15d09h40m-15d20h32m:05,20,05,35
15d10h35m-15d22h24m:15,40,27,40
16d00h22m-16d20h09m:08,03,08,23,20,23
16d01h59m-16d20h04m:57,30,57,45
16d03h31m-16d21h50m:15,25,15,30,20,30,20,35,30,35,30,40
16d04h32m-16d20h54m:25,25,30,25,30,30,35,30
16d06h41m-16d21h15m:15,03,22,03,22,08,37,08,37,12
16d08h02m-16d21h26m:42,08,42,15,47,15,47,27,55,27
16d09h35m-16d20h27m:67,37,67,22
16d10h34m-16d20h57m:17,15,25,15
17d00h17m-17d20h22m:25,45,45,45,45,40
17d01h15m-17d22h32m:05,20,05,35
17d02h00m-17d23h59m:15,40,27,40
17d02h41m-17d22h56m:08,03,08,23,20,23
17d03h37m-17d20h08m:60,10,60,25
17d04h30m-17d23h59m:15,25,15,30,20,30,20,35,30,35,30,40
17d05h27m-17d23h59m:25,25,30,25,30,30,35,30
17d06h00m-17d20h03m:15,03,22,03,22,08,37,08,37,12
17d06h53m-17d23h59m:67,37,67,22
17d07h51m-17d23h59m:17,15,25,15
17d08h50m-17d21h20m:25,45,45,45,45,40
17d09h30m-17d20h49m:10,20,40,20,40,35
17d10h24m-17d22h36m:15,10,30,10,30,18
17d11h24m-17d21h24m:15,40,27,40
18d00h17m-18d21h12m:60,10,60,25
18d01h11m-18d22h17m:57,30,57,45
18d01h58m-18d21h21m:15,25,15,30,20,30,20,35,30,35,30,40
18d02h49m-18d23h59m:15,03,22,03,22,08,37,08,37,12
18d03h42m-18d21h18m:42,08,42,15,47,15,47,27,55,27
18d04h25m-18d22h17m:17,15,25,15
18d05h10m-18d21h06m:50,10,55,10,55,25
18d06h18m-18d20h20m:25,45,45,45,45,40
18d07h07m-18d20h11m:05,20,05,35
18d07h44m-18d23h59m:15,40,27,40
18d08h31m-18d20h10m:08,03,08,23,20,23
18d09h44m-18d20h19m:57,30,57,45
18d10h20m-18d20h01m:15,25,15,30,20,30,20,35,30,35,30,40
18d11h04m-18d22h59m:25,25,30,25,30,30,35,30
19d00h03m-19d21h49m:15,03,22,03,22,08,37,08,37,12
19d01h13m-19d20h28m:67,37,67,22
19d02h34m-19d22h42m:17,15,25,15
19d03h20m-19d23h59m:50,10,55,10,55,25
19d04h20m-19d22h15m:10,20,40,20,40,35
19d05h51m-19d21h17m:15,10,30,10,30,18
19d06h30m-19d20h38m:15,40,27,40
19d08h01m-19d21h40m:08,03,08,23,20,23
19d09h04m-19d22h45m:57,30,57,45
19d09h59m-19d22h22m:15,25,15,30,20,30,20,35,30,35,30,40
19d10h58m-19d22h10m:25,25,30,25,30,30,35,30
20d00h08m-20d20h07m:15,03,22,03,22,08,37,08,37,12
20d01h26m-20d20h54m:42,08,42,15,47,15,47,27,55,27
20d02h32m-20d23h59m:17,15,25,15
20d03h35m-20d23h59m:25,45,45,45,45,40
20d04h43m-20d23h59m:10,20,40,20,40,35
20d05h48m-20d21h31m:05,20,05,35
20d06h47m-20d20h44m:15,10,30,10,30,18
20d07h52m-20d22h54m:08,03,08,23,20,23
20d09h00m-20d21h59m:57,30,57,45
20d09h52m-20d22h52m:15,25,15,30,20,30,20,35,30,35,30,40
20d11h19m-20d23h59m:15,03,22,03,22,08,37,08,37,12
21d00h04m-21d23h59m:42,08,42,15,47,15,47,27,55,27
21d01h12m-21d22h26m:17,15,25,15
21d01h54m-21d22h50m:25,45,45,45,45,40
21d02h40m-21d23h59m:10,20,40,20,40,35
21d03h36m-21d22h12m:05,20,05,35
21d04h33m-21d22h07m:15,40,27,40
21d05h20m-21d21h30m:08,03,08,23,20,23
21d05h59m-21d23h59m:57,30,57,45
21d07h06m-21d22h05m:25,25,30,25,30,30,35,30
21d07h49m-21d23h59m:15,03,22,03,22,08,37,08,37,12
21d08h52m-21d22h41m:42,08,42,15,47,15,47,27,55,27
21d09h34m-21d23h59m:67,37,67,22
21d10h35m-21d22h42m:50,10,55,10,55,25
21d11h15m-21d20h43m:25,45,45,45,45,40
22d00h11m-22d20h51m:10,20,40,20,40,35
22d02h04m-22d21h19m:05,20,05,35
22d03h22m-22d22h29m:15,10,30,10,30,18
22d04h40m-22d21h14m:15,40,27,40
22d06h10m-22d21h23m:08,03,08,23,20,23
22d07h45m-22d23h59m:57,30,57,45
22d09h16m-22d20h46m:25,25,30,25,30,30,35,30
22d10h55m-22d23h59m:42,08,42,15,47,15,47,27,55,27
23d00h15m-23d22h28m:67,37,67,22
23d01h03m-23d20h33m:50,10,55,10,55,25
23d02h06m-23d21h18m:25,45,45,45,45,40
23d02h47m-23d22h08m:05,20,05,35
23d03h49m-23d22h20m:15,40,27,40
23d04h39m-23d22h11m:08,03,08,23,20,23
23d05h19m-23d23h59m:57,30,57,45
23d06h01m-23d22h12m:15,25,15,30,20,30,20,35,30,35,30,40
23d07h10m-23d20h13m:25,25,30,25,30,30,35,30
23d07h39m-23d23h59m:15,03,22,03,22,08,37,08,37,12
23d08h46m-23d22h58m:42,08,42,15,47,15,47,27,55,27
23d09h26m-23d20h39m:67,37,67,22
23d10h24m-23d23h59m:17,15,25,15
23d11h23m-23d22h03m:50,10,55,10,55,25
24d00h16m-24d21h48m:25,45,45,45,45,40
24d01h18m-24d20h58m:05,20,05,35
24d02h23m-24d22h35m:15,10,30,10,30,18
24d03h20m-24d21h09m:08,03,08,23,20,23
24d04h08m-24d21h11m:57,30,57,45
24d05h07m-24d20h53m:25,25,30,25,30,30,35,30
24d06h13m-24d20h17m:15,03,22,03,22,08,37,08,37,12
24d07h23m-24d21h04m:67,37,67,22
24d08h12m-24d21h36m:50,10,55,10,55,25
24d09h21m-24d20h36m:25,45,45,45,45,40
24d10h22m-24d22h38m:10,20,40,20,40,35
24d11h23m-24d21h05m:15,10,30,10,30,18
25d00h15m-25d22h39m:15,40,27,40
25d01h26m-25d21h24m:60,10,60,25
25d02h25m-25d22h04m:57,30,57,45
25d03h25m-25d23h59m:15,25,15,30,20,30,20,35,30,35,30,40
25d04h11m-25d23h59m:25,25,30,25,30,30,35,30
25d05h25m-25d23h59m:15,03,22,03,22,08,37,08,37,12
25d06h24m-25d23h59m:67,37,67,22
25d07h15m-25d23h59m:50,10,55,10,55,25
25d08h10m-25d21h42m:25,45,45,45,45,40
25d09h28m-25d23h59m:05,20,05,35
25d10h11m-25d22h04m:15,10,30,10,30,18
25d11h21m-25d21h01m:08,03,08,23,20,23
26d00h19m-26d21h07m:57,30,57,45
26d01h11m-26d22h47m:15,25,15,30,20,30,20,35,30,35,30,40
26d02h00m-26d22h51m:15,03,22,03,22,08,37,08,37,12
26d03h03m-26d23h59m:67,37,67,22
26d03h49m-26d23h59m:17,15,25,15
26d04h46m-26d21h29m:25,45,45,45,45,40
26d05h41m-26d21h37m:10,20,40,20,40,35
26d06h30m-26d23h59m:15,10,30,10,30,18
26d07h30m-26d23h59m:08,03,08,23,20,23
26d08h16m-26d21h33m:60,10,60,25
26d09h24m-26d22h05m:57,30,57,45
26d10h12m-26d21h27m:15,25,15,30,20,30,20,35,30,35,30,40
26d11h19m-26d21h24m:25,25,30,25,30,30,35,30
27d00h10m-27d23h59m:15,03,22,03,22,08,37,08,37,12
27d01h16m-27d22h56m:67,37,67,22
27d02h05m-27d23h59m:17,15,25,15
27d02h55m-27d22h30m:50,10,55,10,55,25
27d03h41m-27d21h32m:10,20,40,20,40,35
27d04h20m-27d21h48m:05,20,05,35
27d05h29m-27d22h51m:15,10,30,10,30,18
27d06h04m-27d20h13m:08,03,08,23,20,23
27d07h05m-27d22h27m:57,30,57,45
27d08h00m-27d21h14m:15,25,15,30,20,30,20,35,30,35,30,40
27d08h51m-27d22h16m:15,03,22,03,22,08,37,08,37,12
27d09h43m-27d21h22m:67,37,67,22
27d10h24m-27d20h25m:17,15,25,15
27d11h08m-27d22h35m:25,45,45,45,45,40
28d00h32m-28d22h46m:10,20,40,20,40,35
28d01h57m-28d20h28m:05,20,05,35
28d03h37m-28d20h45m:15,10,30,10,30,18
28d05h00m-28d20h46m:15,40,27,40
28d06h04m-28d21h36m:60,10,60,25
28d08h08m-28d22h55m:57,30,57,45
28d09h03m-28d21h45m:25,25,30,25,30,30,35,30
28d10h57m-28d20h42m:42,08,42,15,47,15,47,27,55,27
