01d00h17m-01d23h59m:05,20,05,35
01d00h56m-01d21h25m:15,10,30,10,30,18
01d02h02m-01d23h59m:15,40,27,40
01d02h57m-01d22h39m:08,03,08,23,20,23
01d03h34m-01d22h52m:57,30,57,45
01d04h19m-01d23h59m:15,25,15,30,20,30,20,35,30,35,30,40
01d05h24m-01d22h11m:15,03,22,03,22,08,37,08,37,12
01d05h59m-01d20h22m:42,08,42,15,47,15,47,27,55,27
01d06h56m-01d22h01m:17,15,25,15
01d07h42m-01d22h18m:50,10,55,10,55,25
01d08h48m-01d23h59m:10,20,40,20,40,35
01d09h25m-01d21h47m:05,20,05,35
01d10h19m-01d21h50m:15,40,27,40
01d11h09m-01d21h33m:60,10,60,25
02d00h00m-02d22h47m:57,30,57,45
02d01h20m-02d22h56m:25,25,30,25,30,30,35,30
02d02h53m-02d23h59m:15,03,22,03,22,08,37,08,37,12
02d03h48m-02d23h59m:67,37,67,22
02d05h03m-02d20h35m:50,10,55,10,55,25
02d06h25m-02d22h45m:25,45,45,45,45,40
02d07h33m-02d20h50m:10,20,40,20,40,35
02d08h26m-02d20h07m:05,20,05,35
02d09h59m-02d20h00m:15,10,30,10,30,18
02d10h50m-02d21h01m:08,03,08,23,20,23
03d00h21m-03d23h59m:60,10,60,25
03d01h31m-03d22h34m:15,25,15,30,20,30,20,35,30,35,30,40
03d02h59m-03d20h44m:25,25,30,25,30,30,35,30
03d03h53m-03d23h59m:42,08,42,15,47,15,47,27,55,27
03d04h55m-03d20h23m:17,15,25,15
03d06h35m-03d21h34m:25,45,45,45,45,40
03d07h22m-03d20h20m:10,20,40,20,40,35
03d08h24m-03d21h37m:05,20,05,35
03d10h08m-03d20h30m:15,40,27,40
03d11h00m-03d20h07m:60,10,60,25
04d00h28m-04d22h27m:57,30,57,45
04d01h06m-04d21h05m:25,25,30,25,30,30,35,30
04d02h32m-04d20h51m:15,03,22,03,22,08,37,08,37,12
04d03h24m-04d22h34m:67,37,67,22
04d04h44m-04d20h11m:17,15,25,15
04d05h34m-04d23h59m:50,10,55,10,55,25
04d06h57m-04d23h59m:25,45,45,45,45,40
04d07h39m-04d22h00m:05,20,05,35
04d08h55m-04d21h34m:15,10,30,10,30,18
04d10h08m-04d22h22m:08,03,08,23,20,23
04d11h13m-04d23h59m:57,30,57,45
05d00h14m-05d23h59m:15,25,15,30,20,30,20,35,30,35,30,40
05d01h47m-05d20h14m:15,03,22,03,22,08,37,08,37,12
05d02h38m-05d20h05m:42,08,42,15,47,15,47,27,55,27
05d04h01m-05d22h31m:17,15,25,15
05d05h02m-05d20h42m:50,10,55,10,55,25
05d06h03m-05d21h10m:25,45,45,45,45,40
05d07h20m-05d22h25m:05,20,05,35
05d08h29m-05d23h59m:15,40,27,40
05d09h38m-05d20h22m:60,10,60,25
05d10h58m-05d20h23m:15,25,15,30,20,30,20,35,30,35,30,40
06d00h07m-06d22h11m:25,25,30,25,30,30,35,30
06d01h18m-06d20h37m:42,08,42,15,47,15,47,27,55,27
06d02h06m-06d20h43m:17,15,25,15
06d03h03m-06d20h44m:50,10,55,10,55,25
06d03h46m-06d21h19m:10,20,40,20,40,35
06d04h42m-06d23h59m:15,10,30,10,30,18
06d05h48m-06d22h15m:15,40,27,40
06d06h35m-06d20h45m:60,10,60,25
06d07h30m-06d22h20m:57,30,57,45
06d08h37m-06d21h27m:25,25,30,25,30,30,35,30
06d09h16m-06d22h08m:15,03,22,03,22,08,37,08,37,12
06d10h20m-06d23h59m:42,08,42,15,47,15,47,27,55,27
06d11h01m-06d23h59m:67,37,67,22
07d00h19m-07d22h44m:50,10,55,10,55,25
07d01h14m-07d22h45m:25,45,45,45,45,40
07d02h26m-07d21h51m:10,20,40,20,40,35
07d03h09m-07d22h43m:05,20,05,35
07d04h17m-07d21h01m:15,40,27,40
07d05h08m-07d20h13m:08,03,08,23,20,23
07d06h27m-07d20h21m:60,10,60,25
07d07h04m-07d23h59m:57,30,57,45
07d08h03m-07d20h01m:15,25,15,30,20,30,20,35,30,35,30,40
07d09h19m-07d20h00m:25,25,30,25,30,30,35,30
07d10h16m-07d21h33m:42,08,42,15,47,15,47,27,55,27
07d11h16m-07d22h40m:17,15,25,15
08d00h10m-08d20h04m:25,45,45,45,45,40
08d01h13m-08d20h37m:10,20,40,20,40,35
08d02h08m-08d22h48m:05,20,05,35
08d03h14m-08d20h53m:15,40,27,40
08d04h16m-08d21h38m:60,10,60,25
08d05h21m-08d23h59m:15,25,15,30,20,30,20,35,30,35,30,40
08d06h22m-08d21h54m:15,03,22,03,22,08,37,08,37,12
08d07h15m-08d21h45m:42,08,42,15,47,15,47,27,55,27
08d08h25m-08d21h53m:67,37,67,22
08d09h02m-08d21h19m:17,15,25,15
08d10h05m-08d22h15m:25,45,45,45,45,40
08d11h08m-08d23h59m:05,20,05,35
09d00h01m-09d22h36m:15,40,27,40
09d01h12m-09d20h46m:60,10,60,25
09d02h02m-09d20h36m:15,25,15,30,20,30,20,35,30,35,30,40
09d03h05m-09d22h11m:15,03,22,03,22,08,37,08,37,12
09d04h06m-09d21h27m:42,08,42,15,47,15,47,27,55,27
09d04h45m-09d23h59m:67,37,67,22
09d05h36m-09d23h59m:17,15,25,15
09d06h47m-09d20h27m:25,45,45,45,45,40
09d07h38m-09d20h26m:10,20,40,20,40,35
09d08h26m-09d21h06m:15,10,30,10,30,18
09d09h32m-09d21h55m:08,03,08,23,20,23
09d10h12m-09d20h34m:60,10,60,25
09d11h05m-09d21h21m:57,30,57,45
10d00h44m-10d22h56m:15,25,15,30,20,30,20,35,30,35,30,40
10d02h06m-10d21h04m:25,25,30,25,30,30,35,30
10d03h15m-10d22h09m:15,03,22,03,22,08,37,08,37,12
10d05h10m-10d23h59m:42,08,42,15,47,15,47,27,55,27
10d06h15m-10d21h17m:67,37,67,22
10d07h37m-10d22h27m:17,15,25,15
10d09h29m-10d22h48m:25,45,45,45,45,40
10d11h04m-10d20h04m:05,20,05,35
11d00h21m-11d23h59m:15,40,27,40
11d01h20m-11d20h42m:08,03,08,23,20,23
11d02h15m-11d21h59m:60,10,60,25
11d02h58m-11d22h21m:15,25,15,30,20,30,20,35,30,35,30,40
11d03h42m-11d21h47m:15,03,22,03,22,08,37,08,37,12
11d04h45m-11d20h36m:67,37,67,22
11d05h50m-11d23h59m:17,15,25,15
11d06h27m-11d22h18m:50,10,55,10,55,25
11d07h27m-11d23h59m:10,20,40,20,40,35
11d08h30m-11d20h38m:05,20,05,35
11d09h28m-11d23h59m:15,10,30,10,30,18
11d10h15m-11d23h59m:08,03,08,23,20,23
11d11h14m-11d21h25m:57,30,57,45
12d00h19m-12d21h07m:25,25,30,25,30,30,35,30
12d01h45m-12d20h21m:42,08,42,15,47,15,47,27,55,27
12d02h53m-12d21h05m:17,15,25,15
12d04h37m-12d20h16m:50,10,55,10,55,25
12d05h41m-12d21h46m:25,45,45,45,45,40
12d07h11m-12d23h59m:05,20,05,35
12d08h21m-12d23h59m:15,10,30,10,30,18
12d09h33m-12d20h19m:08,03,08,23,20,23
12d11h07m-12d20h53m:57,30,57,45
13d00h02m-13d21h37m:25,25,30,25,30,30,35,30
13d01h28m-13d22h55m:42,08,42,15,47,15,47,27,55,27
13d02h32m-13d21h54m:17,15,25,15
13d03h42m-13d21h41m:25,45,45,45,45,40
13d04h28m-13d21h03m:10,20,40,20,40,35
13d05h55m-13d20h00m:15,10,30,10,30,18
13d06h52m-13d22h53m:08,03,08,23,20,23
13d07h35m-13d22h01m:60,10,60,25
13d08h47m-13d20h59m:57,30,57,45
13d10h05m-13d23h59m:15,25,15,30,20,30,20,35,30,35,30,40
13d11h06m-13d23h59m:15,03,22,03,22,08,37,08,37,12
14d00h23m-14d21h56m:67,37,67,22
14d01h11m-14d22h54m:50,10,55,10,55,25
14d02h06m-14d20h45m:10,20,40,20,40,35
14d03h14m-14d22h00m:15,10,30,10,30,18
14d04h03m-14d22h58m:08,03,08,23,20,23
14d05h20m-14d21h59m:60,10,60,25
14d06h14m-14d23h59m:57,30,57,45
14d07h28m-14d22h04m:25,25,30,25,30,30,35,30
14d08h19m-14d20h16m:42,08,42,15,47,15,47,27,55,27
14d09h00m-14d20h44m:17,15,25,15
14d10h20m-14d23h59m:25,45,45,45,45,40
14d11h29m-14d23h59m:05,20,05,35
15d00h39m-15d22h20m:15,40,27,40
15d02h09m-15d22h33m:60,10,60,25
15d03h40m-15d20h54m:15,25,15,30,20,30,20,35,30,35,30,40
15d04h54m-15d21h20m:25,25,30,25,30,30,35,30
15d06h40m-15d23h59m:42,08,42,15,47,15,47,27,55,27
15d08h01m-15d21h02m:17,15,25,15
15d09h14m-15d21h02m:50,10,55,10,55,25
15d10h31m-15d22h25m:10,20,40,20,40,35
16d00h39m-16d22h54m:05,20,05,35
16d02h06m-16d21h44m:15,10,30,10,30,18
16d03h19m-16d22h01m:08,03,08,23,20,23
16d05h08m-16d23h59m:60,10,60,25
16d06h43m-16d20h49m:15,25,15,30,20,30,20,35,30,35,30,40
16d08h11m-16d20h34m:25,25,30,25,30,30,35,30
16d09h22m-16d22h09m:42,08,42,15,47,15,47,27,55,27
16d11h11m-16d23h59m:67,37,67,22
17d00h15m-17d22h34m:17,15,25,15
17d01h15m-17d21h37m:50,10,55,10,55,25
17d01h45m-17d20h29m:25,45,45,45,45,40
17d02h39m-17d22h01m:05,20,05,35
17d03h28m-17d21h43m:15,40,27,40
17d04h37m-17d23h59m:08,03,08,23,20,23
17d05h27m-17d22h45m:60,10,60,25
17d06h02m-17d20h33m:57,30,57,45
17d06h52m-17d23h59m:25,25,30,25,30,30,35,30
17d07h45m-17d23h59m:42,08,42,15,47,15,47,27,55,27
17d08h38m-17d23h59m:17,15,25,15
17d09h30m-17d20h15m:50,10,55,10,55,25
17d10h15m-17d23h59m:10,20,40,20,40,35
17d11h26m-17d21h04m:15,10,30,10,30,18
18d00h02m-18d20h13m:08,03,08,23,20,23
18d01h18m-18d23h59m:60,10,60,25
18d02h28m-18d22h10m:15,25,15,30,20,30,20,35,30,35,30,40
18d03h53m-18d21h13m:25,25,30,25,30,30,35,30
18d04h51m-18d20h56m:42,08,42,15,47,15,47,27,55,27
18d06h34m-18d21h50m:67,37,67,22
18d07h26m-18d21h58m:17,15,25,15
18d08h59m-18d23h59m:25,45,45,45,45,40
18d09h40m-18d20h07m:10,20,40,20,40,35
18d11h09m-18d23h59m:15,10,30,10,30,18
19d00h09m-19d21h53m:15,40,27,40
19d01h04m-19d21h13m:08,03,08,23,20,23
19d02h09m-19d22h36m:60,10,60,25
19d02h46m-19d20h40m:15,25,15,30,20,30,20,35,30,35,30,40
19d03h40m-19d22h11m:25,25,30,25,30,30,35,30
19d04h57m-19d20h29m:15,03,22,03,22,08,37,08,37,12
19d05h36m-19d20h01m:42,08,42,15,47,15,47,27,55,27
19d06h38m-19d20h22m:67,37,67,22
19d07h26m-19d20h10m:17,15,25,15
19d08h39m-19d23h59m:50,10,55,10,55,25
19d09h14m-19d20h24m:10,20,40,20,40,35
19d10h29m-19d20h11m:05,20,05,35
19d11h24m-19d22h56m:15,40,27,40
20d00h16m-20d20h12m:60,10,60,25
20d01h12m-20d21h56m:57,30,57,45
20d02h04m-20d22h36m:25,25,30,25,30,30,35,30
20d02h59m-20d21h40m:15,03,22,03,22,08,37,08,37,12
20d03h56m-20d23h59m:67,37,67,22
20d04h36m-20d20h28m:17,15,25,15
20d05h54m-20d20h33m:50,10,55,10,55,25
20d06h32m-20d21h52m:10,20,40,20,40,35
20d07h42m-20d23h59m:15,10,30,10,30,18
20d08h17m-20d22h59m:15,40,27,40
20d09h37m-20d21h53m:60,10,60,25
20d10h21m-20d21h42m:15,25,15,30,20,30,20,35,30,35,30,40
20d11h12m-20d23h59m:25,25,30,25,30,30,35,30
21d00h00m-21d23h59m:15,03,22,03,22,08,37,08,37,12
21d01h23m-21d21h01m:67,37,67,22
21d02h38m-21d22h15m:17,15,25,15
21d04h11m-21d23h59m:50,10,55,10,55,25
21d04h48m-21d20h39m:10,20,40,20,40,35
21d06h07m-21d20h50m:15,10,30,10,30,18
21d07h40m-21d22h11m:15,40,27,40
21d08h44m-21d20h32m:08,03,08,23,20,23
21d09h44m-21d20h08m:57,30,57,45
21d11h11m-21d21h49m:25,25,30,25,30,30,35,30
22d00h25m-22d22h26m:15,03,22,03,22,08,37,08,37,12
22d01h12m-22d20h40m:67,37,67,22
22d01h53m-22d21h38m:17,15,25,15
22d02h37m-22d21h06m:25,45,45,45,45,40
22d03h38m-22d22h56m:10,20,40,20,40,35
22d04h26m-22d20h47m:05,20,05,35
22d05h14m-22d22h39m:15,40,27,40
22d06h06m-22d20h43m:60,10,60,25
22d07h00m-22d20h11m:57,30,57,45
22d07h48m-22d20h50m:25,25,30,25,30,30,35,30
22d08h36m-22d20h48m:15,03,22,03,22,08,37,08,37,12
22d09h30m-22d23h59m:42,08,42,15,47,15,47,27,55,27
22d10h32m-22d20h17m:67,37,67,22
22d11h05m-22d20h52m:50,10,55,10,55,25
23d00h00m-23d20h59m:10,20,40,20,40,35
23d01h25m-23d22h55m:15,10,30,10,30,18
23d02h51m-23d23h59m:15,40,27,40
23d03h44m-23d21h04m:08,03,08,23,20,23
23d05h08m-23d21h41m:57,30,57,45
23d06h01m-23d20h27m:15,25,15,30,20,30,20,35,30,35,30,40
23d07h37m-23d21h29m:15,03,22,03,22,08,37,08,37,12
23d08h57m-23d21h48m:67,37,67,22
23d10h03m-23d22h49m:17,15,25,15
23d10h57m-23d22h02m:25,45,45,45,45,40
24d00h23m-24d21h58m:10,20,40,20,40,35
24d01h45m-24d21h14m:15,10,30,10,30,18
24d02h43m-24d20h30m:08,03,08,23,20,23
24d04h39m-24d23h59m:57,30,57,45
24d05h49m-24d22h23m:25,25,30,25,30,30,35,30
24d06h48m-24d22h34m:15,03,22,03,22,08,37,08,37,12
24d08h10m-24d22h52m:42,08,42,15,47,15,47,27,55,27
24d09h53m-24d20h36m:67,37,67,22
24d11h05m-24d20h08m:50,10,55,10,55,25
25d00h26m-25d21h24m:25,45,45,45,45,40
25d01h09m-25d23h59m:10,20,40,20,40,35
25d02h26m-25d22h08m:15,10,30,10,30,18
25d03h23m-25d20h03m:15,40,27,40
25d04h41m-25d20h32m:08,03,08,23,20,23
25d05h27m-25d23h59m:57,30,57,45
25d06h30m-25d22h46m:25,25,30,25,30,30,35,30
25d07h35m-25d20h43m:42,08,42,15,47,15,47,27,55,27
25d09h09m-25d23h59m:17,15,25,15
25d10h01m-25d23h59m:25,45,45,45,45,40
25d11h09m-25d22h10m:05,20,05,35
26d00h06m-26d22h21m:15,40,27,40
26d01h11m-26d23h59m:60,10,60,25
26d02h21m-26d20h47m:57,30,57,45
26d03h35m-26d20h44m:15,25,15,30,20,30,20,35,30,35,30,40
26d04h50m-26d23h59m:25,25,30,25,30,30,35,30
26d05h40m-26d20h11m:42,08,42,15,47,15,47,27,55,27
26d06h43m-26d22h25m:17,15,25,15
26d08h00m-26d20h43m:25,45,45,45,45,40
26d08h47m-26d21h03m:10,20,40,20,40,35
26d10h16m-26d21h44m:05,20,05,35
26d11h17m-26d22h17m:15,40,27,40
27d00h07m-27d23h59m:08,03,08,23,20,23
27d01h44m-27d20h29m:57,30,57,45
27d02h34m-27d20h46m:15,25,15,30,20,30,20,35,30,35,30,40
27d03h56m-27d23h59m:15,03,22,03,22,08,37,08,37,12
27d05h16m-27d20h45m:42,08,42,15,47,15,47,27,55,27
27d06h21m-27d21h09m:17,15,25,15
27d07h45m-27d21h11m:50,10,55,10,55,25
27d08h28m-27d21h39m:25,45,45,45,45,40
27d09h47m-27d20h50m:05,20,05,35
27d11h03m-27d21h49m:15,40,27,40
28d00h18m-28d22h20m:60,10,60,25
28d01h10m-28d23h59m:15,25,15,30,20,30,20,35,30,35,30,40
28d02h07m-28d20h24m:25,25,30,25,30,30,35,30
28d02h54m-28d22h16m:15,03,22,03,22,08,37,08,37,12
28d03h49m-28d22h09m:67,37,67,22
28d04h53m-28d22h56m:17,15,25,15
28d05h49m-28d22h34m:25,45,45,45,45,40
28d06h35m-28d23h59m:10,20,40,20,40,35
28d07h27m-28d21h31m:05,20,05,35
28d08h24m-28d23h59m:15,10,30,10,30,18
28d09h34m-28d23h59m:08,03,08,23,20,23
28d10h07m-28d23h59m:60,10,60,25
28d11h27m-28d20h17m:15,25,15,30,20,30,20,35,30,35,30,40
