01d00h39m-01d20h08m:15,10,30,10,30,18
01d02h02m-01d20h44m:08,03,08,23,20,23
01d03h23m-01d23h59m:57,30,57,45
01d05h03m-01d20h34m:15,25,15,30,20,30,20,35,30,35,30,40
01d06h01m-01d21h53m:25,25,30,25,30,30,35,30
01d07h57m-01d22h50m:42,08,42,15,47,15,47,27,55,27
01d09h01m-01d20h05m:67,37,67,22
01d10h44m-01d20h23m:50,10,55,10,55,25
02d00h06m-02d22h34m:10,20,40,20,40,35
02d01h59m-02d20h11m:15,10,30,10,30,18
02d03h15m-02d22h44m:15,40,27,40
02d04h33m-02d22h12m:08,03,08,23,20,23
02d05h24m-02d21h12m:57,30,57,45
02d06h51m-02d22h37m:25,25,30,25,30,30,35,30
02d08h15m-02d21h43m:15,03,22,03,22,08,37,08,37,12
02d09h47m-02d23h59m:42,08,42,15,47,15,47,27,55,27
02d10h46m-02d20h55m:67,37,67,22
03d00h24m-03d23h59m:17,15,25,15
03d01h03m-03d22h14m:25,45,45,45,45,40
03d02h03m-03d22h40m:10,20,40,20,40,35
03d03h07m-03d21h56m:05,20,05,35
03d04h12m-03d22h13m:15,10,30,10,30,18
03d05h13m-03d20h06m:15,40,27,40
03d06h02m-03d21h29m:08,03,08,23,20,23
03d07h14m-03d23h59m:60,10,60,25
03d08h16m-03d20h31m:15,25,15,30,20,30,20,35,30,35,30,40
03d09h17m-03d23h59m:25,25,30,25,30,30,35,30
03d10h16m-03d23h59m:42,08,42,15,47,15,47,27,55,27
03d11h05m-03d22h19m:67,37,67,22
04d00h08m-04d20h10m:50,10,55,10,55,25
04d02h10m-04d20h36m:10,20,40,20,40,35
04d03h23m-04d20h28m:15,10,30,10,30,18
04d04h42m-04d23h59m:15,40,27,40
04d06h41m-04d22h21m:08,03,08,23,20,23
04d07h52m-04d23h59m:57,30,57,45
04d09h19m-04d20h44m:15,25,15,30,20,30,20,35,30,35,30,40
04d10h45m-04d23h59m:15,03,22,03,22,08,37,08,37,12
05d00h29m-05d23h59m:42,08,42,15,47,15,47,27,55,27
05d01h16m-05d20h57m:17,15,25,15
05d02h19m-05d20h42m:25,45,45,45,45,40
05d03h28m-05d20h33m:05,20,05,35
05d04h42m-05d21h11m:15,10,30,10,30,18
05d05h40m-05d22h46m:15,40,27,40
05d06h31m-05d20h07m:08,03,08,23,20,23
05d07h54m-05d20h31m:60,10,60,25
05d08h52m-05d21h35m:57,30,57,45
05d09h49m-05d21h51m:25,25,30,25,30,30,35,30
05d10h52m-05d20h44m:42,08,42,15,47,15,47,27,55,27
06d00h08m-06d22h49m:67,37,67,22
06d00h58m-06d21h27m:17,15,25,15
06d01h54m-06d20h09m:25,45,45,45,45,40
06d02h55m-06d20h11m:10,20,40,20,40,35
06d03h46m-06d22h49m:05,20,05,35
06d04h29m-06d22h12m:15,10,30,10,30,18
06d05h21m-06d21h08m:08,03,08,23,20,23
06d06h15m-06d20h20m:60,10,60,25
06d07h09m-06d20h17m:57,30,57,45
06d07h43m-06d22h50m:15,25,15,30,20,30,20,35,30,35,30,40
06d08h46m-06d22h16m:15,03,22,03,22,08,37,08,37,12
06d09h23m-06d22h25m:67,37,67,22
06d10h17m-06d20h13m:17,15,25,15
06d11h09m-06d20h57m:25,45,45,45,45,40
07d00h12m-07d21h52m:10,20,40,20,40,35
07d01h12m-07d22h16m:15,10,30,10,30,18
07d02h14m-07d20h12m:08,03,08,23,20,23
07d02h55m-07d22h49m:60,10,60,25
07d03h53m-07d21h07m:15,25,15,30,20,30,20,35,30,35,30,40
07d05h02m-07d20h35m:15,03,22,03,22,08,37,08,37,12
07d05h32m-07d21h18m:67,37,67,22
07d06h31m-07d21h29m:17,15,25,15
07d07h31m-07d22h55m:50,10,55,10,55,25
07d08h24m-07d21h31m:25,45,45,45,45,40
07d09h12m-07d23h59m:10,20,40,20,40,35
07d10h30m-07d22h41m:05,20,05,35
07d11h14m-07d21h26m:15,10,30,10,30,18
08d00h17m-08d22h43m:15,40,27,40
08d01h27m-08d23h59m:08,03,08,23,20,23
08d02h39m-08d22h01m:60,10,60,25
08d04h10m-08d20h49m:57,30,57,45
08d05h02m-08d22h59m:25,25,30,25,30,30,35,30
08d06h24m-08d20h20m:42,08,42,15,47,15,47,27,55,27
08d07h38m-08d22h34m:67,37,67,22
08d08h57m-08d21h57m:17,15,25,15
08d09h37m-08d21h22m:25,45,45,45,45,40
08d11h22m-08d23h59m:10,20,40,20,40,35
09d00h26m-09d22h16m:05,20,05,35
09d01h49m-09d20h17m:15,10,30,10,30,18
09d03h37m-09d21h22m:15,40,27,40
09d04h34m-09d22h37m:08,03,08,23,20,23
09d06h40m-09d20h29m:60,10,60,25
09d07h32m-09d23h59m:15,25,15,30,20,30,20,35,30,35,30,40
09d09h09m-09d20h16m:25,25,30,25,30,30,35,30
09d10h49m-09d20h55m:15,03,22,03,22,08,37,08,37,12
10d00h20m-10d21h13m:42,08,42,15,47,15,47,27,55,27
10d01h39m-10d21h04m:67,37,67,22
10d02h43m-10d22h22m:17,15,25,15
10d04h33m-10d21h29m:25,45,45,45,45,40
10d05h54m-10d22h43m:10,20,40,20,40,35
10d06h58m-10d21h43m:05,20,05,35
10d08h14m-10d23h59m:15,10,30,10,30,18
10d09h51m-10d22h28m:08,03,08,23,20,23
10d11h02m-10d21h28m:60,10,60,25
11d00h11m-11d20h45m:15,25,15,30,20,30,20,35,30,35,30,40
11d01h40m-11d22h54m:25,25,30,25,30,30,35,30
11d02h49m-11d23h59m:15,03,22,03,22,08,37,08,37,12
11d03h43m-11d20h16m:42,08,42,15,47,15,47,27,55,27
11d04h59m-11d20h20m:67,37,67,22
11d06h10m-11d21h08m:17,15,25,15
11d07h16m-11d23h59m:25,45,45,45,45,40
11d08h49m-11d22h21m:05,20,05,35
11d09h52m-11d20h03m:15,10,30,10,30,18
11d11h05m-11d23h59m:15,40,27,40
12d00h21m-12d23h59m:08,03,08,23,20,23
12d01h41m-12d22h12m:60,10,60,25
12d02h46m-12d21h45m:57,30,57,45
12d04h36m-12d23h59m:25,25,30,25,30,30,35,30
12d05h27m-12d21h34m:42,08,42,15,47,15,47,27,55,27
12d06h43m-12d22h52m:17,15,25,15
12d08h37m-12d22h33m:50,10,55,10,55,25
12d09h48m-12d21h58m:10,20,40,20,40,35
12d10h49m-12d21h43m:15,10,30,10,30,18
13d00h13m-13d23h59m:15,40,27,40
13d01h08m-13d23h59m:08,03,08,23,20,23
13d02h01m-13d22h03m:60,10,60,25
13d02h53m-13d21h12m:57,30,57,45
13d04h01m-13d20h12m:25,25,30,25,30,30,35,30
13d05h00m-13d20h41m:15,03,22,03,22,08,37,08,37,12
13d05h32m-13d23h59m:67,37,67,22
13d06h41m-13d20h22m:50,10,55,10,55,25
13d07h28m-13d20h01m:10,20,40,20,40,35
13d08h26m-13d22h22m:15,10,30,10,30,18
13d09h31m-13d23h59m:08,03,08,23,20,23
13d10h28m-13d22h06m:57,30,57,45
13d11h02m-13d20h05m:15,25,15,30,20,30,20,35,30,35,30,40
14d00h12m-14d20h48m:15,03,22,03,22,08,37,08,37,12
14d01h32m-14d21h43m:42,08,42,15,47,15,47,27,55,27
14d03h15m-14d21h46m:17,15,25,15
14d04h03m-14d20h00m:50,10,55,10,55,25
14d05h37m-14d21h40m:25,45,45,45,45,40
14d06h47m-14d20h27m:05,20,05,35
14d08h29m-14d21h32m:15,10,30,10,30,18
14d09h48m-14d21h41m:08,03,08,23,20,23
14d11h02m-14d22h11m:60,10,60,25
15d00h22m-15d21h33m:57,30,57,45
15d01h19m-15d20h21m:15,25,15,30,20,30,20,35,30,35,30,40
15d02h19m-15d23h59m:25,25,30,25,30,30,35,30
15d03h34m-15d20h59m:15,03,22,03,22,08,37,08,37,12
15d04h40m-15d20h09m:67,37,67,22
15d05h42m-15d20h20m:50,10,55,10,55,25
15d06h33m-15d21h54m:10,20,40,20,40,35
15d07h49m-15d21h24m:15,10,30,10,30,18
15d08h50m-15d20h45m:08,03,08,23,20,23
15d10h05m-15d23h59m:60,10,60,25
15d10h57m-15d20h01m:15,25,15,30,20,30,20,35,30,35,30,40
16d00h16m-16d23h59m:15,03,22,03,22,08,37,08,37,12
16d01h06m-16d20h11m:67,37,67,22
16d02h27m-16d23h59m:17,15,25,15
16d03h19m-16d23h59m:50,10,55,10,55,25
16d04h18m-16d21h02m:10,20,40,20,40,35
16d05h17m-16d21h04m:05,20,05,35
16d06h12m-16d22h00m:15,10,30,10,30,18
16d07h06m-16d21h59m:08,03,08,23,20,23
16d08h20m-16d21h11m:57,30,57,45
16d09h24m-16d20h44m:15,25,15,30,20,30,20,35,30,35,30,40
16d10h13m-16d20h34m:25,25,30,25,30,30,35,30
16d11h22m-16d22h00m:15,03,22,03,22,08,37,08,37,12
17d00h12m-17d20h28m:67,37,67,22
17d01h18m-17d22h16m:17,15,25,15
17d02h20m-17d22h25m:50,10,55,10,55,25
17d03h28m-17d20h29m:10,20,40,20,40,35
17d04h27m-17d21h05m:15,10,30,10,30,18
17d05h56m-17d22h12m:08,03,08,23,20,23
17d06h41m-17d22h57m:60,10,60,25
17d07h52m-17d22h42m:57,30,57,45
17d09h08m-17d23h59m:15,25,15,30,20,30,20,35,30,35,30,40
17d09h46m-17d23h59m:25,25,30,25,30,30,35,30
17d11h12m-17d20h39m:15,03,22,03,22,08,37,08,37,12
18d00h01m-18d20h52m:42,08,42,15,47,15,47,27,55,27
18d01h20m-18d20h46m:67,37,67,22
18d02h44m-18d20h34m:50,10,55,10,55,25
18d04h13m-18d21h05m:25,45,45,45,45,40
18d05h26m-18d21h09m:05,20,05,35
18d06h52m-18d21h42m:15,10,30,10,30,18
18d08h24m-18d22h34m:08,03,08,23,20,23
18d09h36m-18d22h45m:57,30,57,45
18d11h02m-18d20h53m:25,25,30,25,30,30,35,30
19d00h35m-19d20h29m:42,08,42,15,47,15,47,27,55,27
19d02h04m-19d21h33m:67,37,67,22
19d03h36m-19d22h52m:50,10,55,10,55,25
19d04h39m-19d23h59m:25,45,45,45,45,40
19d06h41m-19d23h59m:05,20,05,35
19d07h31m-19d21h11m:15,40,27,40
19d09h17m-19d23h59m:08,03,08,23,20,23
19d11h14m-19d20h09m:60,10,60,25
20d00h13m-20d20h19m:57,30,57,45
20d01h27m-20d20h59m:15,25,15,30,20,30,20,35,30,35,30,40
20d02h17m-20d20h21m:15,03,22,03,22,08,37,08,37,12
20d03h21m-20d20h20m:42,08,42,15,47,15,47,27,55,27
20d04h13m-20d21h12m:67,37,67,22
20d05h23m-20d20h20m:50,10,55,10,55,25
20d06h23m-20d23h59m:10,20,40,20,40,35
20d07h25m-20d20h34m:05,20,05,35
20d08h06m-20d21h38m:15,10,30,10,30,18
20d09h10m-20d21h33m:08,03,08,23,20,23
20d10h19m-20d21h46m:60,10,60,25
20d11h17m-20d20h12m:57,30,57,45
21d00h08m-21d23h59m:15,25,15,30,20,30,20,35,30,35,30,40
21d01h03m-21d22h24m:25,25,30,25,30,30,35,30
21d02h08m-21d20h24m:42,08,42,15,47,15,47,27,55,27
21d02h50m-21d22h27m:17,15,25,15
21d04h01m-21d20h26m:25,45,45,45,45,40
21d04h39m-21d23h59m:10,20,40,20,40,35
21d05h51m-21d23h59m:15,10,30,10,30,18
21d06h38m-21d23h59m:08,03,08,23,20,23
21d07h29m-21d20h51m:57,30,57,45
21d08h38m-21d22h27m:15,25,15,30,20,30,20,35,30,35,30,40
21d09h11m-21d22h44m:15,03,22,03,22,08,37,08,37,12
21d10h19m-21d22h46m:42,08,42,15,47,15,47,27,55,27
21d11h17m-21d23h59m:67,37,67,22
22d00h19m-22d20h04m:50,10,55,10,55,25
22d01h29m-22d21h31m:25,45,45,45,45,40
22d02h39m-22d21h53m:05,20,05,35
22d04h07m-22d20h26m:15,40,27,40
22d05h15m-22d21h44m:60,10,60,25
22d06h34m-22d23h59m:15,25,15,30,20,30,20,35,30,35,30,40
22d07h42m-22d23h59m:25,25,30,25,30,30,35,30
22d08h54m-22d21h30m:15,03,22,03,22,08,37,08,37,12
22d09h56m-22d20h28m:42,08,42,15,47,15,47,27,55,27
22d10h50m-22d22h31m:67,37,67,22
23d00h21m-23d20h40m:50,10,55,10,55,25
23d01h12m-23d23h59m:10,20,40,20,40,35
23d01h49m-23d20h29m:15,10,30,10,30,18
23d02h36m-23d21h34m:15,40,27,40
23d03h39m-23d21h11m:08,03,08,23,20,23
23d04h27m-23d21h40m:60,10,60,25
23d05h24m-23d22h11m:15,25,15,30,20,30,20,35,30,35,30,40
23d06h20m-23d23h59m:25,25,30,25,30,30,35,30
23d06h58m-23d20h16m:15,03,22,03,22,08,37,08,37,12
23d07h56m-23d21h54m:67,37,67,22
23d08h34m-23d21h22m:50,10,55,10,55,25
23d09h45m-23d22h30m:10,20,40,20,40,35
23d10h21m-23d21h49m:15,10,30,10,30,18
23d11h24m-23d20h23m:15,40,27,40
24d00h31m-24d22h12m:60,10,60,25
24d01h16m-24d21h57m:57,30,57,45
24d02h38m-24d20h01m:25,25,30,25,30,30,35,30
24d03h28m-24d23h59m:42,08,42,15,47,15,47,27,55,27
24d04h34m-24d23h59m:67,37,67,22
24d05h42m-24d21h58m:17,15,25,15
24d06h39m-24d20h47m:25,45,45,45,45,40
24d07h44m-24d20h05m:05,20,05,35
24d09h11m-24d21h20m:15,40,27,40
24d10h07m-24d21h17m:60,10,60,25
24d11h00m-24d20h25m:57,30,57,45
25d00h07m-25d23h59m:25,25,30,25,30,30,35,30
25d01h32m-25d22h15m:42,08,42,15,47,15,47,27,55,27
25d02h56m-25d23h59m:17,15,25,15
25d03h36m-25d23h59m:25,45,45,45,45,40
25d05h23m-25d20h43m:05,20,05,35
25d06h31m-25d22h37m:15,40,27,40
25d07h25m-25d21h29m:60,10,60,25
25d08h52m-25d20h09m:15,25,15,30,20,30,20,35,30,35,30,40
25d09h42m-25d20h54m:25,25,30,25,30,30,35,30
25d11h08m-25d22h39m:42,08,42,15,47,15,47,27,55,27
26d00h30m-26d22h52m:17,15,25,15
26d01h32m-26d20h50m:50,10,55,10,55,25
26d02h12m-26d20h56m:25,45,45,45,45,40
26d03h37m-26d23h59m:10,20,40,20,40,35
26d04h47m-26d22h31m:15,10,30,10,30,18
26d05h55m-26d21h32m:08,03,08,23,20,23
26d06h46m-26d20h25m:60,10,60,25
26d07h47m-26d20h41m:15,25,15,30,20,30,20,35,30,35,30,40
26d09h11m-26d21h25m:25,25,30,25,30,30,35,30
26d10h00m-26d22h32m:15,03,22,03,22,08,37,08,37,12
26d11h13m-26d20h49m:42,08,42,15,47,15,47,27,55,27
27d00h08m-27d22h20m:17,15,25,15
27d01h18m-27d20h39m:50,10,55,10,55,25
27d02h16m-27d21h12m:25,45,45,45,45,40
27d03h01m-27d21h19m:10,20,40,20,40,35
27d03h54m-27d21h52m:15,10,30,10,30,18
27d04h50m-27d20h34m:08,03,08,23,20,23
27d05h37m-27d22h09m:60,10,60,25
27d06h33m-27d22h30m:57,30,57,45
27d07h42m-27d22h09m:15,25,15,30,20,30,20,35,30,35,30,40
27d08h15m-27d20h54m:25,25,30,25,30,30,35,30
27d09h37m-27d22h47m:42,08,42,15,47,15,47,27,55,27
27d10h31m-27d23h59m:17,15,25,15
27d11h06m-27d21h56m:25,45,45,45,45,40
28d00h21m-28d23h59m:05,20,05,35
28d01h06m-28d20h34m:15,40,27,40
28d02h04m-28d20h31m:08,03,08,23,20,23
28d02h43m-28d21h07m:57,30,57,45
28d03h25m-28d21h24m:15,25,15,30,20,30,20,35,30,35,30,40
28d04h15m-28d23h59m:15,03,22,03,22,08,37,08,37,12
28d05h27m-28d21h27m:67,37,67,22
28d06h01m-28d22h49m:50,10,55,10,55,25
28d06h56m-28d22h03m:25,45,45,45,45,40
28d07h40m-28d21h22m:05,20,05,35
28d08h32m-28d23h59m:15,40,27,40
28d09h36m-28d20h58m:60,10,60,25
28d10h28m-28d20h08m:57,30,57,45
28d11h06m-28d22h32m:15,25,15,30,20,30,20,35,30,35,30,40
