01d00h03m-01d22h57m:15,10,30,10,30,18
01d02h14m-01d22h29m:15,40,27,40
01d03h13m-01d22h53m:08,03,08,23,20,23
01d04h57m-01d21h53m:57,30,57,45
01d06h28m-01d23h59m:15,25,15,30,20,30,20,35,30,35,30,40
01d07h33m-01d21h35m:25,25,30,25,30,30,35,30
01d09h39m-01d22h55m:42,08,42,15,47,15,47,27,55,27
01d11h11m-01d20h29m:17,15,25,15
02d00h05m-02d22h30m:25,45,45,45,45,40
02d01h22m-02d23h59m:10,20,40,20,40,35
02d02h40m-02d21h56m:05,20,05,35
02d03h35m-02d21h51m:15,40,27,40
02d04h32m-02d23h59m:08,03,08,23,20,23
02d05h44m-02d23h59m:60,10,60,25
02d06h32m-02d21h12m:57,30,57,45
02d07h51m-02d23h59m:25,25,30,25,30,30,35,30
02d08h42m-02d22h14m:15,03,22,03,22,08,37,08,37,12
02d10h11m-02d22h11m:42,08,42,15,47,15,47,27,55,27
02d11h03m-02d20h26m:67,37,67,22
03d00h13m-03d20h49m:50,10,55,10,55,25
03d00h56m-03d22h21m:25,45,45,45,45,40
03d02h02m-03d22h33m:05,20,05,35
03d03h08m-03d22h03m:15,10,30,10,30,18
03d03h55m-03d23h59m:08,03,08,23,20,23
03d04h55m-03d22h18m:60,10,60,25
03d05h30m-03d22h08m:15,25,15,30,20,30,20,35,30,35,30,40
03d06h34m-03d22h49m:15,03,22,03,22,08,37,08,37,12
03d07h22m-03d21h16m:42,08,42,15,47,15,47,27,55,27
03d08h41m-03d22h36m:67,37,67,22
03d09h26m-03d20h19m:50,10,55,10,55,25
03d10h20m-03d22h51m:25,45,45,45,45,40
03d11h20m-03d23h59m:05,20,05,35
04d00h01m-04d21h56m:15,10,30,10,30,18
04d02h00m-04d22h55m:15,40,27,40
04d03h29m-04d23h59m:08,03,08,23,20,23
04d05h12m-04d20h07m:60,10,60,25
04d06h39m-04d23h59m:57,30,57,45
04d08h08m-04d21h31m:25,25,30,25,30,30,35,30
04d09h04m-04d22h13m:15,03,22,03,22,08,37,08,37,12
04d10h45m-04d22h48m:67,37,67,22
05d00h19m-05d22h49m:50,10,55,10,55,25
05d01h11m-05d21h13m:10,20,40,20,40,35
05d02h38m-05d22h41m:15,10,30,10,30,18
05d03h23m-05d20h14m:15,40,27,40
05d04h37m-05d23h59m:08,03,08,23,20,23
05d05h27m-05d21h56m:57,30,57,45
05d07h00m-05d23h59m:25,25,30,25,30,30,35,30
05d07h53m-05d23h59m:42,08,42,15,47,15,47,27,55,27
05d09h05m-05d23h59m:17,15,25,15
05d10h00m-05d22h36m:50,10,55,10,55,25
05d10h56m-05d21h40m:25,45,45,45,45,40
06d00h33m-06d21h27m:05,20,05,35
06d01h13m-06d20h29m:15,10,30,10,30,18
06d02h28m-06d20h14m:08,03,08,23,20,23
06d03h56m-06d21h47m:57,30,57,45
06d05h18m-06d21h13m:25,25,30,25,30,30,35,30
06d06h10m-06d22h32m:42,08,42,15,47,15,47,27,55,27
06d07h44m-06d20h21m:17,15,25,15
06d08h51m-06d21h16m:25,45,45,45,45,40
06d09h54m-06d21h00m:10,20,40,20,40,35
06d11h12m-06d23h59m:05,20,05,35
07d00h05m-07d20h18m:15,10,30,10,30,18
07d01h12m-07d20h08m:15,40,27,40
07d02h03m-07d20h42m:60,10,60,25
07d02h54m-07d20h36m:15,25,15,30,20,30,20,35,30,35,30,40
07d03h25m-07d20h50m:15,03,22,03,22,08,37,08,37,12
07d04h18m-07d21h00m:67,37,67,22
07d05h17m-07d21h43m:17,15,25,15
07d05h58m-07d22h48m:25,45,45,45,45,40
07d06h50m-07d20h13m:10,20,40,20,40,35
07d07h41m-07d20h20m:05,20,05,35
07d08h45m-07d20h57m:15,40,27,40
07d09h37m-07d23h59m:08,03,08,23,20,23
07d10h32m-07d22h23m:57,30,57,45
07d11h13m-07d21h34m:15,25,15,30,20,30,20,35,30,35,30,40
08d00h04m-08d22h55m:15,03,22,03,22,08,37,08,37,12
08d01h39m-08d21h12m:67,37,67,22
08d03h34m-08d20h37m:50,10,55,10,55,25
08d05h14m-08d20h46m:25,45,45,45,45,40
08d06h22m-08d23h59m:05,20,05,35
08d07h59m-08d21h50m:15,40,27,40
08d09h01m-08d22h08m:08,03,08,23,20,23
08d10h30m-08d21h50m:60,10,60,25
09d00h28m-09d23h59m:15,25,15,30,20,30,20,35,30,35,30,40
09d01h25m-09d21h01m:25,25,30,25,30,30,35,30
09d02h21m-09d22h42m:15,03,22,03,22,08,37,08,37,12
09d03h02m-09d20h20m:42,08,42,15,47,15,47,27,55,27
09d04h15m-09d22h56m:67,37,67,22
09d05h08m-09d20h47m:17,15,25,15
09d06h19m-09d20h06m:25,45,45,45,45,40
09d07h09m-09d22h16m:05,20,05,35
09d08h04m-09d21h55m:15,40,27,40
09d09h04m-09d20h31m:60,10,60,25
09d10h16m-09d22h22m:15,25,15,30,20,30,20,35,30,35,30,40
09d11h14m-09d20h39m:15,03,22,03,22,08,37,08,37,12
10d00h27m-10d22h55m:67,37,67,22
10d01h41m-10d22h14m:50,10,55,10,55,25
10d03h04m-10d22h26m:10,20,40,20,40,35
10d04h38m-10d20h39m:05,20,05,35
10d05h42m-10d23h59m:15,40,27,40
10d07h15m-10d20h10m:60,10,60,25
10d08h38m-10d23h59m:57,30,57,45
10d09h48m-10d22h33m:25,25,30,25,30,30,35,30
10d10h50m-10d20h30m:15,03,22,03,22,08,37,08,37,12
11d00h06m-11d20h41m:42,08,42,15,47,15,47,27,55,27
11d01h52m-11d20h51m:67,37,67,22
11d03h14m-11d20h57m:17,15,25,15
11d04h25m-11d21h33m:50,10,55,10,55,25
11d05h55m-11d20h37m:10,20,40,20,40,35
11d07h04m-11d21h37m:05,20,05,35
11d08h30m-11d21h41m:15,10,30,10,30,18
11d09h49m-11d22h37m:08,03,08,23,20,23
11d10h40m-11d23h59m:57,30,57,45
12d00h02m-12d20h20m:15,25,15,30,20,30,20,35,30,35,30,40
12d01h07m-12d20h44m:25,25,30,25,30,30,35,30
12d01h59m-12d20h01m:42,08,42,15,47,15,47,27,55,27
12d03h05m-12d23h59m:67,37,67,22
12d04h03m-12d20h46m:50,10,55,10,55,25
12d04h51m-12d22h11m:10,20,40,20,40,35
12d05h56m-12d23h59m:05,20,05,35
12d06h39m-12d20h55m:15,40,27,40
12d07h28m-12d22h04m:60,10,60,25
12d08h16m-12d22h35m:57,30,57,45
12d09h21m-12d20h42m:25,25,30,25,30,30,35,30
12d10h24m-12d21h13m:42,08,42,15,47,15,47,27,55,27
12d11h16m-12d20h02m:17,15,25,15
13d00h03m-13d21h39m:50,10,55,10,55,25
13d01h15m-13d22h46m:10,20,40,20,40,35
13d01h47m-13d22h50m:05,20,05,35
13d02h54m-13d22h20m:15,40,27,40
13d03h35m-13d23h59m:60,10,60,25
13d04h18m-13d23h59m:57,30,57,45
13d05h06m-13d23h59m:25,25,30,25,30,30,35,30
13d06h14m-13d20h58m:42,08,42,15,47,15,47,27,55,27
13d06h57m-13d20h39m:17,15,25,15
13d07h54m-13d21h57m:50,10,55,10,55,25
13d08h42m-13d22h45m:25,45,45,45,45,40
13d09h29m-13d20h20m:05,20,05,35
13d10h32m-13d20h22m:15,10,30,10,30,18
13d11h19m-13d23h59m:08,03,08,23,20,23
14d00h26m-14d20h57m:57,30,57,45
14d01h26m-14d21h55m:25,25,30,25,30,30,35,30
14d02h26m-14d22h54m:42,08,42,15,47,15,47,27,55,27
14d03h27m-14d20h59m:17,15,25,15
14d04h02m-14d20h15m:50,10,55,10,55,25
14d05h15m-14d20h10m:25,45,45,45,45,40
14d06h28m-14d20h47m:05,20,05,35
14d07h16m-14d22h38m:15,40,27,40
14d08h21m-14d22h44m:60,10,60,25
14d09h13m-14d21h08m:15,25,15,30,20,30,20,35,30,35,30,40
14d10h26m-14d20h03m:25,25,30,25,30,30,35,30
14d11h16m-14d23h59m:42,08,42,15,47,15,47,27,55,27
15d00h14m-15d20h16m:67,37,67,22
15d01h21m-15d23h59m:17,15,25,15
15d02h25m-15d22h18m:50,10,55,10,55,25
15d03h45m-15d22h33m:25,45,45,45,45,40
15d04h51m-15d23h59m:05,20,05,35
15d06h28m-15d20h59m:15,10,30,10,30,18
15d07h20m-15d20h56m:15,40,27,40
15d08h52m-15d21h10m:08,03,08,23,20,23
15d09h52m-15d21h23m:57,30,57,45
15d11h05m-15d21h08m:25,25,30,25,30,30,35,30
16d00h25m-16d23h59m:42,08,42,15,47,15,47,27,55,27
16d01h42m-16d22h24m:67,37,67,22
16d02h50m-16d21h49m:17,15,25,15
16d04h11m-16d22h51m:25,45,45,45,45,40
16d04h49m-16d20h40m:10,20,40,20,40,35
16d06h34m-16d21h01m:15,10,30,10,30,18
16d07h30m-16d20h42m:08,03,08,23,20,23
16d08h48m-16d23h59m:60,10,60,25
16d09h43m-16d23h59m:57,30,57,45
16d11h20m-16d21h44m:15,25,15,30,20,30,20,35,30,35,30,40
17d00h15m-17d23h59m:15,03,22,03,22,08,37,08,37,12
17d01h01m-17d22h11m:42,08,42,15,47,15,47,27,55,27
17d02h09m-17d20h36m:17,15,25,15
17d03h06m-17d20h38m:25,45,45,45,45,40
17d04h21m-17d22h15m:05,20,05,35
17d05h24m-17d23h59m:15,10,30,10,30,18
17d06h25m-17d21h10m:08,03,08,23,20,23
17d07h09m-17d21h59m:57,30,57,45
17d08h13m-17d21h56m:25,25,30,25,30,30,35,30
17d09h22m-17d23h59m:15,03,22,03,22,08,37,08,37,12
17d10h04m-17d20h40m:42,08,42,15,47,15,47,27,55,27
17d11h05m-17d23h59m:67,37,67,22
18d00h07m-18d23h59m:17,15,25,15
18d01h14m-18d22h48m:25,45,45,45,45,40
18d01h44m-18d21h01m:05,20,05,35
18d02h55m-18d22h50m:15,40,27,40
18d03h37m-18d23h59m:08,03,08,23,20,23
18d04h32m-18d23h59m:57,30,57,45
18d05h22m-18d22h41m:25,25,30,25,30,30,35,30
18d06h16m-18d20h40m:15,03,22,03,22,08,37,08,37,12
18d07h11m-18d23h59m:67,37,67,22
18d07h41m-18d20h43m:17,15,25,15
18d08h40m-18d23h59m:25,45,45,45,45,40
18d09h31m-18d21h45m:05,20,05,35
18d10h15m-18d23h59m:15,40,27,40
18d11h19m-18d22h32m:60,10,60,25
19d00h03m-19d22h31m:15,25,15,30,20,30,20,35,30,35,30,40
19d01h08m-19d21h21m:25,25,30,25,30,30,35,30
19d02h06m-19d22h08m:15,03,22,03,22,08,37,08,37,12
19d03h26m-19d22h16m:42,08,42,15,47,15,47,27,55,27
19d04h20m-19d23h59m:17,15,25,15
19d05h09m-19d23h59m:50,10,55,10,55,25
19d06h09m-19d21h10m:25,45,45,45,45,40
19d07h25m-19d23h59m:10,20,40,20,40,35
19d08h18m-19d21h35m:15,10,30,10,30,18
19d09h20m-19d20h12m:15,40,27,40
19d10h28m-19d22h42m:08,03,08,23,20,23
19d11h20m-19d23h59m:57,30,57,45
20d00h35m-20d20h03m:25,25,30,25,30,30,35,30
20d01h46m-20d23h59m:42,08,42,15,47,15,47,27,55,27
20d02h57m-20d22h47m:17,15,25,15
20d03h57m-20d20h25m:50,10,55,10,55,25
20d05h08m-20d22h35m:10,20,40,20,40,35
20d06h11m-20d21h29m:05,20,05,35
20d07h39m-20d20h33m:15,40,27,40
20d08h57m-20d20h15m:60,10,60,25
20d09h58m-20d21h55m:57,30,57,45
20d11h20m-20d20h31m:15,25,15,30,20,30,20,35,30,35,30,40
21d00h24m-21d22h40m:15,03,22,03,22,08,37,08,37,12
21d01h20m-21d21h20m:42,08,42,15,47,15,47,27,55,27
21d02h43m-21d23h59m:17,15,25,15
21d03h46m-21d20h12m:25,45,45,45,45,40
21d05h14m-21d20h15m:10,20,40,20,40,35
21d06h08m-21d22h58m:15,10,30,10,30,18
21d07h22m-21d20h07m:15,40,27,40
21d08h31m-21d23h59m:60,10,60,25
21d09h36m-21d23h59m:15,25,15,30,20,30,20,35,30,35,30,40
21d11h10m-21d20h37m:25,25,30,25,30,30,35,30
22d00h11m-22d22h16m:15,03,22,03,22,08,37,08,37,12
22d01h10m-22d22h16m:67,37,67,22
22d02h11m-22d22h53m:17,15,25,15
22d03h13m-22d22h10m:25,45,45,45,45,40
22d04h07m-22d20h05m:05,20,05,35
22d05h08m-22d21h26m:15,10,30,10,30,18
22d06h26m-22d23h59m:15,40,27,40
22d07h13m-22d22h07m:08,03,08,23,20,23
22d08h22m-22d20h00m:60,10,60,25
22d09h24m-22d21h13m:57,30,57,45
22d10h09m-22d23h59m:15,25,15,30,20,30,20,35,30,35,30,40
22d11h15m-22d22h38m:15,03,22,03,22,08,37,08,37,12
23d00h01m-23d20h47m:42,08,42,15,47,15,47,27,55,27
23d00h54m-23d23h59m:67,37,67,22
23d01h49m-23d23h59m:17,15,25,15
23d02h35m-23d21h38m:25,45,45,45,45,40
23d03h42m-23d20h53m:05,20,05,35
23d04h21m-23d22h12m:15,40,27,40
23d05h18m-23d21h49m:60,10,60,25
23d06h05m-23d22h27m:57,30,57,45
23d07h13m-23d21h24m:25,25,30,25,30,30,35,30
23d07h40m-23d20h49m:15,03,22,03,22,08,37,08,37,12
23d08h49m-23d21h51m:67,37,67,22
23d09h42m-23d22h21m:50,10,55,10,55,25
23d10h21m-23d21h56m:10,20,40,20,40,35
23d11h21m-23d21h24m:05,20,05,35
24d00h18m-24d22h29m:15,40,27,40
24d01h20m-24d22h23m:08,03,08,23,20,23
24d02h40m-24d22h26m:57,30,57,45
24d03h41m-24d21h02m:25,25,30,25,30,30,35,30
24d04h34m-24d23h59m:15,03,22,03,22,08,37,08,37,12
24d05h28m-24d23h59m:42,08,42,15,47,15,47,27,55,27
24d06h53m-24d21h55m:67,37,67,22
24d07h51m-24d20h20m:17,15,25,15
24d08h50m-24d21h06m:25,45,45,45,45,40
24d10h11m-24d23h59m:05,20,05,35
24d11h20m-24d22h23m:15,10,30,10,30,18
25d00h06m-25d22h08m:15,40,27,40
25d01h25m-25d20h32m:08,03,08,23,20,23
25d02h19m-25d22h08m:57,30,57,45
25d03h16m-25d23h59m:25,25,30,25,30,30,35,30
25d04h06m-25d21h25m:42,08,42,15,47,15,47,27,55,27
25d05h01m-25d23h59m:17,15,25,15
25d06h15m-25d20h46m:25,45,45,45,45,40
25d07h01m-25d23h59m:10,20,40,20,40,35
25d08h20m-25d23h59m:15,10,30,10,30,18
25d09h07m-25d20h02m:15,40,27,40
25d10h12m-25d21h28m:60,10,60,25
25d11h05m-25d22h43m:57,30,57,45
26d00h10m-26d21h22m:15,25,15,30,20,30,20,35,30,35,30,40
26d01h11m-26d23h59m:25,25,30,25,30,30,35,30
26d02h16m-26d22h56m:15,03,22,03,22,08,37,08,37,12
26d03h04m-26d20h55m:67,37,67,22
26d03h50m-26d20h20m:17,15,25,15
26d04h54m-26d22h43m:25,45,45,45,45,40
26d05h46m-26d21h03m:05,20,05,35
26d06h43m-26d22h52m:15,40,27,40
26d07h39m-26d20h17m:60,10,60,25
26d08h18m-26d23h59m:15,25,15,30,20,30,20,35,30,35,30,40
26d09h36m-26d21h34m:15,03,22,03,22,08,37,08,37,12
26d10h31m-26d21h32m:67,37,67,22
26d11h16m-26d23h59m:17,15,25,15
27d00h23m-27d22h44m:25,45,45,45,45,40
27d01h12m-27d22h52m:10,20,40,20,40,35
27d01h53m-27d22h31m:15,10,30,10,30,18
27d02h58m-27d22h30m:15,40,27,40
27d04h03m-27d23h59m:08,03,08,23,20,23
27d04h57m-27d21h40m:57,30,57,45
27d05h33m-27d22h28m:15,25,15,30,20,30,20,35,30,35,30,40
27d06h39m-27d23h59m:25,25,30,25,30,30,35,30
27d07h21m-27d22h27m:42,08,42,15,47,15,47,27,55,27
27d08h20m-27d21h41m:67,37,67,22
27d09h11m-27d21h35m:17,15,25,15
27d10h20m-27d23h59m:50,10,55,10,55,25
27d11h22m-27d23h59m:10,20,40,20,40,35
28d00h00m-28d21h14m:15,10,30,10,30,18
28d01h14m-28d23h59m:08,03,08,23,20,23
28d02h57m-28d20h11m:60,10,60,25
28d04h08m-28d20h12m:15,25,15,30,20,30,20,35,30,35,30,40
28d04h53m-28d23h59m:25,25,30,25,30,30,35,30
28d06h00m-28d20h10m:42,08,42,15,47,15,47,27,55,27
28d07h36m-28d23h59m:17,15,25,15
28d08h25m-28d23h59m:50,10,55,10,55,25
28d09h55m-28d21h55m:10,20,40,20,40,35
28d10h59m-28d22h24m:05,20,05,35
