01d00h28m-01d20h48m:05,20,05,35
01d02h12m-01d20h23m:15,10,30,10,30,18
01d03h39m-01d23h59m:15,40,27,40
01d04h46m-01d20h10m:08,03,08,23,20,23
01d06h20m-01d21h09m:57,30,57,45
01d08h09m-01d21h19m:15,25,15,30,20,30,20,35,30,35,30,40
01d09h35m-01d22h54m:15,03,22,03,22,08,37,08,37,12
01d10h33m-01d20h31m:67,37,67,22
02d00h24m-02d23h59m:17,15,25,15
02d01h42m-02d21h14m:50,10,55,10,55,25
02d02h48m-02d20h26m:10,20,40,20,40,35
02d03h53m-02d21h53m:05,20,05,35
02d05h22m-02d23h59m:15,10,30,10,30,18
02d06h27m-02d21h09m:15,40,27,40
02d07h41m-02d21h36m:08,03,08,23,20,23
02d08h52m-02d23h59m:57,30,57,45
02d09h46m-02d22h27m:15,25,15,30,20,30,20,35,30,35,30,40
02d11h20m-02d21h56m:25,25,30,25,30,30,35,30
03d00h31m-03d20h15m:15,03,22,03,22,08,37,08,37,12
03d01h59m-03d23h59m:67,37,67,22
03d03h38m-03d21h12m:50,10,55,10,55,25
03d04h50m-03d22h21m:10,20,40,20,40,35
03d06h03m-03d22h09m:15,10,30,10,30,18
03d08h04m-03d20h55m:15,40,27,40
03d09h29m-03d21h10m:60,10,60,25
03d10h56m-03d20h07m:57,30,57,45
04d00h08m-04d20h29m:25,25,30,25,30,30,35,30
04d01h38m-04d21h22m:42,08,42,15,47,15,47,27,55,27
04d03h17m-04d22h46m:67,37,67,22
04d04h27m-04d21h25m:50,10,55,10,55,25
04d05h41m-04d22h20m:25,45,45,45,45,40
04d07h10m-04d23h59m:05,20,05,35
04d08h00m-04d20h24m:15,10,30,10,30,18
04d09h43m-04d20h02m:08,03,08,23,20,23
04d11h17m-04d22h21m:60,10,60,25
05d00h17m-05d23h59m:57,30,57,45
05d01h51m-05d20h01m:15,25,15,30,20,30,20,35,30,35,30,40
05d02h58m-05d20h08m:15,03,22,03,22,08,37,08,37,12
05d04h35m-05d23h59m:42,08,42,15,47,15,47,27,55,27
05d05h51m-05d23h59m:17,15,25,15
05d07h08m-05d23h59m:25,45,45,45,45,40
05d08h12m-05d20h55m:10,20,40,20,40,35
05d09h36m-05d22h13m:05,20,05,35
05d11h00m-05d20h32m:15,40,27,40
06d00h26m-06d21h57m:60,10,60,25
06d01h08m-06d23h59m:15,25,15,30,20,30,20,35,30,35,30,40
06d02h00m-06d20h32m:25,25,30,25,30,30,35,30
06d03h05m-06d23h59m:15,03,22,03,22,08,37,08,37,12
06d04h01m-06d21h12m:42,08,42,15,47,15,47,27,55,27
06d04h40m-06d22h56m:67,37,67,22
06d05h37m-06d21h05m:17,15,25,15
06d06h25m-06d22h32m:50,10,55,10,55,25
06d07h46m-06d22h59m:10,20,40,20,40,35
06d08h22m-06d21h35m:15,10,30,10,30,18
06d09h16m-06d21h47m:08,03,08,23,20,23
06d10h16m-06d23h59m:60,10,60,25
06d11h24m-06d21h26m:15,25,15,30,20,30,20,35,30,35,30,40
07d00h11m-07d21h27m:25,25,30,25,30,30,35,30
07d01h35m-07d20h23m:42,08,42,15,47,15,47,27,55,27
07d03h38m-07d22h45m:67,37,67,22
07d04h37m-07d21h27m:50,10,55,10,55,25
07d06h15m-07d21h42m:10,20,40,20,40,35
07d07h44m-07d20h49m:15,10,30,10,30,18
07d09h39m-07d20h04m:08,03,08,23,20,23
07d10h35m-07d23h59m:57,30,57,45
08d00h08m-08d20h51m:25,25,30,25,30,30,35,30
08d00h59m-08d22h34m:15,03,22,03,22,08,37,08,37,12
08d01h55m-08d20h54m:67,37,67,22
08d02h46m-08d22h37m:17,15,25,15
08d03h57m-08d22h28m:25,45,45,45,45,40
08d04h36m-08d23h59m:10,20,40,20,40,35
08d05h39m-08d21h51m:15,10,30,10,30,18
08d06h45m-08d20h00m:15,40,27,40
08d07h42m-08d20h44m:60,10,60,25
08d08h41m-08d21h42m:15,25,15,30,20,30,20,35,30,35,30,40
08d09h21m-08d23h59m:15,03,22,03,22,08,37,08,37,12
08d10h06m-08d21h14m:42,08,42,15,47,15,47,27,55,27
08d11h15m-08d23h59m:17,15,25,15
09d00h19m-09d20h16m:50,10,55,10,55,25
09d01h29m-09d23h59m:25,45,45,45,45,40
09d02h18m-09d21h38m:05,20,05,35
09d03h28m-09d20h15m:15,10,30,10,30,18
09d04h04m-09d22h39m:15,40,27,40
09d05h16m-09d23h59m:60,10,60,25
09d06h22m-09d23h59m:57,30,57,45
09d07h00m-09d22h02m:15,25,15,30,20,30,20,35,30,35,30,40
09d08h09m-09d22h42m:25,25,30,25,30,30,35,30
09d09h10m-09d22h34m:15,03,22,03,22,08,37,08,37,12
09d10h05m-09d23h59m:42,08,42,15,47,15,47,27,55,27
09d11h05m-09d22h24m:67,37,67,22
10d00h18m-10d20h39m:50,10,55,10,55,25
10d01h01m-10d21h04m:10,20,40,20,40,35
10d02h03m-10d23h59m:15,10,30,10,30,18
10d02h33m-10d23h59m:08,03,08,23,20,23
10d03h44m-10d23h59m:60,10,60,25
10d04h21m-10d23h59m:57,30,57,45
10d05h18m-10d20h08m:25,25,30,25,30,30,35,30
10d06h06m-10d22h58m:42,08,42,15,47,15,47,27,55,27
10d06h49m-10d20h15m:17,15,25,15
10d07h59m-10d20h21m:50,10,55,10,55,25
10d08h45m-10d21h11m:25,45,45,45,45,40
10d09h23m-10d20h57m:10,20,40,20,40,35
10d10h29m-10d21h10m:05,20,05,35
10d11h12m-10d22h38m:15,40,27,40
11d00h26m-11d21h00m:60,10,60,25
11d00h57m-11d20h43m:57,30,57,45
11d02h12m-11d22h20m:15,25,15,30,20,30,20,35,30,35,30,40
11d03h05m-11d22h53m:25,25,30,25,30,30,35,30
11d03h41m-11d22h14m:15,03,22,03,22,08,37,08,37,12
11d04h51m-11d20h47m:42,08,42,15,47,15,47,27,55,27
11d05h48m-11d22h28m:17,15,25,15
11d06h30m-11d22h24m:25,45,45,45,45,40
11d07h35m-11d21h51m:10,20,40,20,40,35
11d08h23m-11d23h59m:05,20,05,35
11d09h10m-11d22h56m:15,40,27,40
11d10h12m-11d22h24m:08,03,08,23,20,23
11d11h05m-11d23h59m:57,30,57,45
12d00h23m-12d21h16m:15,25,15,30,20,30,20,35,30,35,30,40
12d01h09m-12d22h40m:15,03,22,03,22,08,37,08,37,12
12d01h56m-12d21h16m:67,37,67,22
12d02h55m-12d20h02m:50,10,55,10,55,25
12d04h00m-12d20h52m:10,20,40,20,40,35
12d04h46m-12d23h59m:05,20,05,35
12d05h32m-12d22h30m:15,10,30,10,30,18
12d06h32m-12d23h59m:15,40,27,40
12d07h31m-12d23h59m:60,10,60,25
12d08h37m-12d23h59m:57,30,57,45
12d09h24m-12d21h45m:15,25,15,30,20,30,20,35,30,35,30,40
12d10h18m-12d21h30m:25,25,30,25,30,30,35,30
12d11h12m-12d20h16m:15,03,22,03,22,08,37,08,37,12
13d00h19m-13d20h32m:67,37,67,22
13d01h08m-13d23h59m:50,10,55,10,55,25
13d02h12m-13d22h38m:10,20,40,20,40,35
13d03h02m-13d22h13m:15,10,30,10,30,18
13d04h11m-13d22h11m:15,40,27,40
13d05h20m-13d22h24m:08,03,08,23,20,23
13d06h12m-13d20h10m:60,10,60,25
13d07h03m-13d21h22m:57,30,57,45
13d08h27m-13d22h05m:15,25,15,30,20,30,20,35,30,35,30,40
13d09h03m-13d22h25m:15,03,22,03,22,08,37,08,37,12
13d10h02m-13d20h44m:67,37,67,22
13d11h25m-13d23h59m:17,15,25,15
14d00h25m-14d20h26m:50,10,55,10,55,25
14d01h18m-14d22h11m:25,45,45,45,45,40
14d02h34m-14d23h59m:05,20,05,35
14d03h47m-14d22h11m:15,40,27,40
14d04h39m-14d21h45m:60,10,60,25
14d05h30m-14d21h46m:57,30,57,45
14d06h44m-14d20h42m:15,25,15,30,20,30,20,35,30,35,30,40
14d07h44m-14d21h28m:25,25,30,25,30,30,35,30
14d08h50m-14d21h16m:42,08,42,15,47,15,47,27,55,27
14d10h16m-14d20h49m:67,37,67,22
14d11h22m-14d20h17m:50,10,55,10,55,25
15d00h21m-15d23h59m:25,45,45,45,45,40
15d01h26m-15d22h11m:05,20,05,35
15d02h04m-15d22h45m:15,10,30,10,30,18
15d03h25m-15d23h59m:15,40,27,40
15d04h08m-15d22h10m:60,10,60,25
15d05h21m-15d23h59m:15,25,15,30,20,30,20,35,30,35,30,40
15d06h06m-15d21h21m:25,25,30,25,30,30,35,30
15d07h29m-15d20h47m:15,03,22,03,22,08,37,08,37,12
15d08h16m-15d21h37m:67,37,67,22
15d09h18m-15d20h59m:50,10,55,10,55,25
15d10h03m-15d23h59m:25,45,45,45,45,40
15d11h29m-15d21h18m:10,20,40,20,40,35
16d00h28m-16d22h59m:05,20,05,35
16d01h41m-16d23h59m:15,40,27,40
16d03h16m-16d23h59m:08,03,08,23,20,23
16d04h38m-16d21h47m:57,30,57,45
16d06h04m-16d20h50m:25,25,30,25,30,30,35,30
16d07h44m-16d20h21m:42,08,42,15,47,15,47,27,55,27
16d09h27m-16d21h27m:17,15,25,15
16d10h37m-16d21h35m:25,45,45,45,45,40
17d00h12m-17d20h46m:05,20,05,35
17d01h52m-17d20h03m:15,40,27,40
17d02h45m-17d21h19m:08,03,08,23,20,23
17d04h06m-17d21h02m:57,30,57,45
17d05h59m-17d23h59m:25,25,30,25,30,30,35,30
17d06h52m-17d22h23m:42,08,42,15,47,15,47,27,55,27
17d08h38m-17d20h20m:67,37,67,22
17d09h31m-17d22h26m:17,15,25,15
17d11h00m-17d22h25m:25,45,45,45,45,40
18d00h31m-18d20h49m:10,20,40,20,40,35
18d01h22m-18d20h07m:05,20,05,35
18d02h53m-18d21h36m:15,40,27,40
18d04h03m-18d21h26m:08,03,08,23,20,23
18d05h28m-18d20h06m:60,10,60,25
18d07h05m-18d21h10m:57,30,57,45
18d08h28m-18d22h07m:25,25,30,25,30,30,35,30
18d09h39m-18d23h59m:42,08,42,15,47,15,47,27,55,27
18d10h52m-18d21h29m:17,15,25,15
19d00h23m-19d20h42m:25,45,45,45,45,40
19d01h16m-19d20h39m:05,20,05,35
19d02h37m-19d20h09m:15,40,27,40
19d03h21m-19d23h59m:60,10,60,25
19d04h30m-19d22h59m:15,25,15,30,20,30,20,35,30,35,30,40
19d05h53m-19d22h19m:25,25,30,25,30,30,35,30
19d06h37m-19d21h58m:42,08,42,15,47,15,47,27,55,27
19d07h58m-19d23h59m:17,15,25,15
19d08h46m-19d20h59m:25,45,45,45,45,40
19d10h09m-19d20h19m:05,20,05,35
19d11h16m-19d22h56m:15,10,30,10,30,18
20d00h21m-20d20h28m:15,40,27,40
20d02h03m-20d21h05m:60,10,60,25
20d03h17m-20d21h21m:57,30,57,45
20d05h07m-20d22h41m:25,25,30,25,30,30,35,30
20d06h11m-20d23h59m:15,03,22,03,22,08,37,08,37,12
20d08h10m-20d23h59m:67,37,67,22
20d09h35m-20d22h41m:17,15,25,15
20d10h40m-20d21h48m:50,10,55,10,55,25
21d00h17m-21d23h59m:25,45,45,45,45,40
21d01h17m-21d20h51m:05,20,05,35
21d02h14m-21d23h59m:15,40,27,40
21d03h13m-21d20h39m:08,03,08,23,20,23
21d04h20m-21d22h22m:57,30,57,45
21d05h26m-21d20h49m:15,25,15,30,20,30,20,35,30,35,30,40
21d06h10m-21d21h48m:15,03,22,03,22,08,37,08,37,12
21d07h00m-21d22h20m:67,37,67,22
21d08h23m-21d22h01m:17,15,25,15
21d09h06m-21d23h59m:50,10,55,10,55,25
21d10h01m-21d23h59m:10,20,40,20,40,35
21d11h01m-21d22h36m:15,10,30,10,30,18
22d00h23m-22d20h34m:15,40,27,40
22d01h30m-22d23h59m:08,03,08,23,20,23
22d02h31m-22d23h59m:60,10,60,25
22d04h07m-22d23h59m:15,25,15,30,20,30,20,35,30,35,30,40
22d05h20m-22d22h26m:15,03,22,03,22,08,37,08,37,12
22d06h16m-22d21h54m:42,08,42,15,47,15,47,27,55,27
22d07h38m-22d20h01m:17,15,25,15
22d08h40m-22d22h39m:50,10,55,10,55,25
22d09h40m-22d22h12m:10,20,40,20,40,35
22d11h23m-22d22h19m:05,20,05,35
23d00h01m-23d23h59m:15,10,30,10,30,18
23d01h15m-23d23h59m:15,40,27,40
23d02h17m-23d21h19m:60,10,60,25
23d03h18m-23d20h05m:57,30,57,45
23d04h29m-23d21h23m:25,25,30,25,30,30,35,30
23d05h13m-23d22h15m:15,03,22,03,22,08,37,08,37,12
23d06h15m-23d20h37m:42,08,42,15,47,15,47,27,55,27
23d07h24m-23d21h50m:67,37,67,22
23d08h12m-23d20h50m:50,10,55,10,55,25
23d09h23m-23d21h12m:25,45,45,45,45,40
23d10h03m-23d20h25m:05,20,05,35
23d11h28m-23d20h23m:15,40,27,40
24d00h31m-24d20h36m:08,03,08,23,20,23
24d01h26m-24d23h59m:60,10,60,25
24d02h37m-24d20h43m:15,25,15,30,20,30,20,35,30,35,30,40
24d03h34m-24d22h51m:15,03,22,03,22,08,37,08,37,12
24d04h48m-24d22h29m:67,37,67,22
24d05h32m-24d23h59m:17,15,25,15
24d06h37m-24d20h13m:25,45,45,45,45,40
24d07h52m-24d22h16m:05,20,05,35
24d08h53m-24d22h07m:15,10,30,10,30,18
24d09h55m-24d21h57m:08,03,08,23,20,23
24d10h57m-24d21h09m:57,30,57,45
25d00h15m-25d20h52m:15,25,15,30,20,30,20,35,30,35,30,40
25d00h52m-25d21h13m:15,03,22,03,22,08,37,08,37,12
25d02h01m-25d22h05m:67,37,67,22
25d02h40m-25d21h15m:50,10,55,10,55,25
25d03h41m-25d21h28m:25,45,45,45,45,40
25d04h21m-25d22h13m:10,20,40,20,40,35
25d05h23m-25d23h59m:15,10,30,10,30,18
25d06h22m-25d20h11m:15,40,27,40
25d07h13m-25d23h59m:60,10,60,25
25d07h42m-25d20h51m:15,25,15,30,20,30,20,35,30,35,30,40
25d08h40m-25d22h30m:15,03,22,03,22,08,37,08,37,12
25d09h35m-25d22h19m:67,37,67,22
25d10h16m-25d22h56m:50,10,55,10,55,25
25d11h23m-25d23h59m:25,45,45,45,45,40
26d00h07m-26d21h15m:10,20,40,20,40,35
26d01h06m-26d20h55m:05,20,05,35
26d02h18m-26d23h59m:15,40,27,40
26d03h18m-26d20h43m:60,10,60,25
26d04h21m-26d20h28m:15,25,15,30,20,30,20,35,30,35,30,40
26d05h43m-26d20h39m:15,03,22,03,22,08,37,08,37,12
26d06h43m-26d23h59m:42,08,42,15,47,15,47,27,55,27
26d07h43m-26d22h35m:17,15,25,15
26d08h41m-26d21h01m:50,10,55,10,55,25
26d10h00m-26d20h59m:10,20,40,20,40,35
26d11h06m-26d23h59m:15,10,30,10,30,18
27d00h24m-27d21h24m:15,40,27,40
27d01h03m-27d20h29m:08,03,08,23,20,23
27d02h07m-27d21h17m:57,30,57,45
27d02h57m-27d20h34m:25,25,30,25,30,30,35,30
27d03h36m-27d23h59m:15,03,22,03,22,08,37,08,37,12
27d04h29m-27d21h03m:67,37,67,22
27d05h29m-27d23h59m:17,15,25,15
27d06h13m-27d21h59m:50,10,55,10,55,25
27d07h00m-27d23h59m:25,45,45,45,45,40
27d07h47m-27d20h19m:10,20,40,20,40,35
27d08h33m-27d22h59m:15,10,30,10,30,18
27d09h42m-27d23h59m:08,03,08,23,20,23
27d10h29m-27d23h59m:57,30,57,45
27d11h11m-27d21h29m:25,25,30,25,30,30,35,30
28d00h11m-28d23h59m:42,08,42,15,47,15,47,27,55,27
28d01h08m-28d23h59m:67,37,67,22
28d01h53m-28d23h59m:50,10,55,10,55,25
28d02h44m-28d21h27m:10,20,40,20,40,35
28d03h32m-28d21h34m:15,10,30,10,30,18
28d04h28m-28d22h11m:15,40,27,40
28d05h28m-28d21h43m:08,03,08,23,20,23
28d06h20m-28d20h18m:57,30,57,45
28d06h54m-28d23h59m:15,25,15,30,20,30,20,35,30,35,30,40
28d07h56m-28d23h59m:15,03,22,03,22,08,37,08,37,12
28d08h52m-28d21h18m:67,37,67,22
28d09h25m-28d23h59m:17,15,25,15
28d10h28m-28d22h08m:25,45,45,45,45,40
28d11h05m-28d22h42m:10,20,40,20,40,35
