01d00h29m-01d22h32m:15,10,30,10,30,18
01d01h10m-01d20h30m:15,40,27,40
01d02h18m-01d22h08m:60,10,60,25
01d03h16m-01d21h34m:57,30,57,45
01d04h02m-01d20h49m:25,25,30,25,30,30,35,30
01d05h04m-01d20h31m:15,03,22,03,22,08,37,08,37,12
01d06h19m-01d21h14m:42,08,42,15,47,15,47,27,55,27
01d07h20m-01d20h57m:17,15,25,15
01d08h28m-01d20h38m:50,10,55,10,55,25
01d09h02m-01d21h32m:25,45,45,45,45,40
01d10h27m-01d23h59m:10,20,40,20,40,35
01d11h07m-01d23h59m:15,10,30,10,30,18
02d00h01m-02d22h11m:15,40,27,40
02d01h22m-02d23h59m:60,10,60,25
02d02h44m-02d23h59m:15,25,15,30,20,30,20,35,30,35,30,40
02d04h23m-02d21h39m:25,25,30,25,30,30,35,30
02d05h57m-02d22h17m:15,03,22,03,22,08,37,08,37,12
02d07h03m-02d23h59m:67,37,67,22
02d08h08m-02d20h03m:17,15,25,15
02d09h35m-02d22h18m:25,45,45,45,45,40
02d10h54m-02d21h27m:10,20,40,20,40,35
03d00h02m-03d20h10m:05,20,05,35
03d01h28m-03d23h59m:15,10,30,10,30,18
03d02h12m-03d22h26m:08,03,08,23,20,23
03d03h42m-03d23h59m:60,10,60,25
03d04h21m-03d21h52m:15,25,15,30,20,30,20,35,30,35,30,40
03d05h48m-03d20h34m:25,25,30,25,30,30,35,30
03d06h55m-03d23h59m:15,03,22,03,22,08,37,08,37,12
03d07h42m-03d21h19m:42,08,42,15,47,15,47,27,55,27
03d08h41m-03d20h57m:17,15,25,15
03d09h59m-03d21h45m:25,45,45,45,45,40
03d11h02m-03d22h15m:10,20,40,20,40,35
04d00h20m-04d22h42m:15,10,30,10,30,18
04d01h30m-04d20h54m:15,40,27,40
04d03h28m-04d21h22m:08,03,08,23,20,23
04d05h12m-04d20h10m:60,10,60,25
04d06h43m-04d22h48m:15,25,15,30,20,30,20,35,30,35,30,40
04d07h39m-04d23h59m:15,03,22,03,22,08,37,08,37,12
04d09h13m-04d22h33m:42,08,42,15,47,15,47,27,55,27
04d10h32m-04d21h57m:67,37,67,22
05d00h23m-05d20h49m:17,15,25,15
05d01h22m-05d20h45m:50,10,55,10,55,25
05d02h26m-05d23h59m:25,45,45,45,45,40
05d03h29m-05d23h59m:10,20,40,20,40,35
05d04h44m-05d22h56m:05,20,05,35
05d05h33m-05d22h53m:15,10,30,10,30,18
05d07h02m-05d20h11m:15,40,27,40
05d08h02m-05d23h59m:60,10,60,25
05d09h00m-05d22h31m:57,30,57,45
05d09h45m-05d22h38m:25,25,30,25,30,30,35,30
05d10h54m-05d21h46m:15,03,22,03,22,08,37,08,37,12
06d00h07m-06d23h59m:42,08,42,15,47,15,47,27,55,27
06d01h41m-06d23h59m:17,15,25,15
06d03h31m-06d22h20m:25,45,45,45,45,40
06d04h54m-06d20h30m:05,20,05,35
06d06h36m-06d21h09m:15,40,27,40
06d08h13m-06d20h57m:60,10,60,25
06d09h04m-06d21h45m:15,25,15,30,20,30,20,35,30,35,30,40
06d10h46m-06d20h32m:25,25,30,25,30,30,35,30
07d00h07m-07d20h55m:42,08,42,15,47,15,47,27,55,27
07d01h13m-07d23h59m:67,37,67,22
07d02h11m-07d23h59m:50,10,55,10,55,25
07d02h45m-07d21h48m:10,20,40,20,40,35
07d04h06m-07d22h07m:05,20,05,35
07d04h53m-07d20h15m:15,10,30,10,30,18
07d05h43m-07d20h01m:15,40,27,40
07d06h43m-07d20h03m:60,10,60,25
07d07h42m-07d20h32m:57,30,57,45
07d08h39m-07d22h45m:15,25,15,30,20,30,20,35,30,35,30,40
07d09h28m-07d23h59m:25,25,30,25,30,30,35,30
07d10h25m-07d22h53m:42,08,42,15,47,15,47,27,55,27
07d11h10m-07d23h59m:67,37,67,22
08d00h25m-08d23h59m:50,10,55,10,55,25
08d01h03m-08d20h06m:25,45,45,45,45,40
08d01h50m-08d22h10m:05,20,05,35
08d02h46m-08d20h56m:15,40,27,40
08d03h35m-08d20h28m:08,03,08,23,20,23
08d04h28m-08d21h32m:60,10,60,25
08d05h20m-08d23h59m:57,30,57,45
08d06h17m-08d23h59m:15,25,15,30,20,30,20,35,30,35,30,40
08d07h00m-08d23h59m:15,03,22,03,22,08,37,08,37,12
08d07h42m-08d22h46m:42,08,42,15,47,15,47,27,55,27
08d08h30m-08d21h25m:67,37,67,22
08d09h35m-08d21h24m:17,15,25,15
08d10h27m-08d22h42m:50,10,55,10,55,25
08d11h11m-08d21h11m:10,20,40,20,40,35
09d00h34m-09d20h22m:15,10,30,10,30,18
09d01h40m-09d20h36m:15,40,27,40
09d03h37m-09d21h47m:60,10,60,25
09d04h39m-09d22h53m:15,25,15,30,20,30,20,35,30,35,30,40
09d06h26m-09d23h59m:15,03,22,03,22,08,37,08,37,12
09d07h37m-09d20h17m:67,37,67,22
09d09h39m-09d23h59m:50,10,55,10,55,25
09d10h52m-09d21h11m:10,20,40,20,40,35
10d00h05m-10d20h24m:15,10,30,10,30,18
10d01h01m-10d22h52m:15,40,27,40
10d02h01m-10d22h40m:08,03,08,23,20,23
10d03h14m-10d21h35m:60,10,60,25
10d04h10m-10d20h28m:15,25,15,30,20,30,20,35,30,35,30,40
10d05h01m-10d21h00m:25,25,30,25,30,30,35,30
10d06h20m-10d20h57m:15,03,22,03,22,08,37,08,37,12
10d07h07m-10d23h59m:67,37,67,22
10d08h03m-10d21h27m:50,10,55,10,55,25
10d09h17m-10d22h26m:25,45,45,45,45,40
10d10h03m-10d20h51m:05,20,05,35
10d11h25m-10d20h04m:15,10,30,10,30,18
11d00h25m-11d23h59m:15,40,27,40
11d01h16m-11d23h59m:08,03,08,23,20,23
11d02h39m-11d21h41m:60,10,60,25
11d03h46m-11d23h59m:57,30,57,45
11d04h54m-11d21h13m:25,25,30,25,30,30,35,30
11d06h24m-11d21h01m:15,03,22,03,22,08,37,08,37,12
11d07h40m-11d22h54m:67,37,67,22
11d08h47m-11d22h36m:17,15,25,15
11d10h11m-11d21h51m:50,10,55,10,55,25
11d11h10m-11d22h34m:10,20,40,20,40,35
12d00h23m-12d22h38m:05,20,05,35
12d01h17m-12d23h59m:15,40,27,40
12d02h02m-12d22h15m:60,10,60,25
12d03h23m-12d21h08m:57,30,57,45
12d04h13m-12d20h54m:15,25,15,30,20,30,20,35,30,35,30,40
12d05h05m-12d20h59m:25,25,30,25,30,30,35,30
12d06h29m-12d21h45m:15,03,22,03,22,08,37,08,37,12
12d07h22m-12d20h02m:42,08,42,15,47,15,47,27,55,27
12d08h22m-12d22h34m:67,37,67,22
12d09h22m-12d23h59m:17,15,25,15
12d10h07m-12d22h12m:50,10,55,10,55,25
12d11h16m-12d23h59m:25,45,45,45,45,40
13d00h16m-13d21h17m:05,20,05,35
13d01h15m-13d21h47m:15,10,30,10,30,18
13d01h58m-13d20h47m:08,03,08,23,20,23
13d02h43m-13d22h52m:57,30,57,45
13d03h31m-13d20h13m:15,25,15,30,20,30,20,35,30,35,30,40
13d04h27m-13d22h39m:25,25,30,25,30,30,35,30
13d05h23m-13d20h17m:42,08,42,15,47,15,47,27,55,27
13d06h13m-13d20h46m:17,15,25,15
13d06h48m-13d20h24m:25,45,45,45,45,40
13d07h49m-13d21h17m:10,20,40,20,40,35
13d08h30m-13d21h08m:05,20,05,35
13d09h28m-13d20h10m:15,40,27,40
13d10h16m-13d20h58m:08,03,08,23,20,23
13d11h20m-13d22h48m:57,30,57,45
14d00h04m-14d22h01m:15,25,15,30,20,30,20,35,30,35,30,40
14d01h18m-14d22h03m:25,25,30,25,30,30,35,30
14d02h09m-14d22h23m:42,08,42,15,47,15,47,27,55,27
14d03h22m-14d21h44m:67,37,67,22
14d04h12m-14d20h43m:50,10,55,10,55,25
14d05h03m-14d20h01m:10,20,40,20,40,35
14d06h22m-14d22h20m:15,10,30,10,30,18
14d07h08m-14d21h40m:08,03,08,23,20,23
14d08h18m-14d20h06m:60,10,60,25
14d09h16m-14d21h22m:15,25,15,30,20,30,20,35,30,35,30,40
14d10h27m-14d23h59m:25,25,30,25,30,30,35,30
14d11h17m-14d22h01m:15,03,22,03,22,08,37,08,37,12
15d00h19m-15d21h44m:42,08,42,15,47,15,47,27,55,27
15d01h13m-15d20h29m:17,15,25,15
15d02h05m-15d20h59m:50,10,55,10,55,25
15d02h47m-15d22h03m:25,45,45,45,45,40
15d03h51m-15d21h08m:05,20,05,35
15d04h41m-15d20h26m:15,10,30,10,30,18
15d05h38m-15d22h39m:08,03,08,23,20,23
15d06h30m-15d23h59m:57,30,57,45
15d07h20m-15d23h59m:25,25,30,25,30,30,35,30
15d08h34m-15d21h07m:15,03,22,03,22,08,37,08,37,12
15d09h28m-15d20h04m:67,37,67,22
15d10h25m-15d23h59m:17,15,25,15
15d11h01m-15d20h09m:50,10,55,10,55,25
16d00h34m-16d22h34m:10,20,40,20,40,35
16d01h45m-16d23h59m:15,10,30,10,30,18
16d02h52m-16d22h23m:15,40,27,40
16d03h39m-16d20h43m:60,10,60,25
16d05h01m-16d20h28m:57,30,57,45
16d06h26m-16d21h17m:25,25,30,25,30,30,35,30
16d07h19m-16d23h59m:15,03,22,03,22,08,37,08,37,12
16d08h30m-16d23h59m:67,37,67,22
16d09h45m-16d23h59m:50,10,55,10,55,25
16d11h13m-16d21h09m:25,45,45,45,45,40
17d00h29m-17d22h03m:10,20,40,20,40,35
17d01h15m-17d22h18m:15,10,30,10,30,18
17d02h11m-17d21h02m:15,40,27,40
17d03h24m-17d21h55m:60,10,60,25
17d04h00m-17d22h07m:15,25,15,30,20,30,20,35,30,35,30,40
17d05h01m-17d21h55m:25,25,30,25,30,30,35,30
17d06h09m-17d21h05m:15,03,22,03,22,08,37,08,37,12
17d07h26m-17d21h35m:67,37,67,22
17d08h25m-17d22h35m:50,10,55,10,55,25
17d09h00m-17d21h24m:10,20,40,20,40,35
17d10h08m-17d20h13m:15,10,30,10,30,18
17d11h24m-17d21h11m:08,03,08,23,20,23
18d00h34m-18d23h59m:57,30,57,45
18d01h41m-18d23h59m:15,25,15,30,20,30,20,35,30,35,30,40
18d02h57m-18d22h39m:25,25,30,25,30,30,35,30
18d04h16m-18d23h59m:42,08,42,15,47,15,47,27,55,27
18d05h29m-18d20h32m:17,15,25,15
18d07h15m-18d23h59m:25,45,45,45,45,40
18d08h01m-18d21h23m:10,20,40,20,40,35
18d09h58m-18d21h49m:05,20,05,35
18d11h16m-18d21h15m:15,10,30,10,30,18
19d00h00m-19d22h36m:08,03,08,23,20,23
19d01h03m-19d22h07m:57,30,57,45
19d01h51m-19d23h59m:25,25,30,25,30,30,35,30
19d02h33m-19d22h07m:15,03,22,03,22,08,37,08,37,12
19d03h47m-19d23h59m:42,08,42,15,47,15,47,27,55,27
19d04h16m-19d22h52m:67,37,67,22
19d05h21m-19d21h30m:50,10,55,10,55,25
19d06h10m-19d20h30m:10,20,40,20,40,35
19d06h49m-19d21h13m:15,10,30,10,30,18
19d08h03m-19d23h59m:08,03,08,23,20,23
19d08h36m-19d23h59m:57,30,57,45
19d09h27m-19d20h22m:25,25,30,25,30,30,35,30
19d10h13m-19d22h56m:15,03,22,03,22,08,37,08,37,12
19d11h17m-19d21h49m:42,08,42,15,47,15,47,27,55,27
20d00h06m-20d21h53m:17,15,25,15
20d01h12m-20d22h09m:25,45,45,45,45,40
20d02h50m-20d22h13m:10,20,40,20,40,35
20d04h06m-20d23h59m:15,10,30,10,30,18
20d04h48m-20d22h23m:08,03,08,23,20,23
20d06h08m-20d20h05m:57,30,57,45
20d07h47m-20d23h59m:25,25,30,25,30,30,35,30
20d08h44m-20d20h06m:15,03,22,03,22,08,37,08,37,12
20d10h06m-20d21h45m:42,08,42,15,47,15,47,27,55,27
20d11h06m-20d22h22m:17,15,25,15
21d00h15m-21d23h59m:50,10,55,10,55,25
21d01h17m-21d22h09m:10,20,40,20,40,35
21d02h05m-21d22h48m:15,10,30,10,30,18
21d03h14m-21d23h59m:15,40,27,40
21d04h13m-21d23h59m:08,03,08,23,20,23
21d05h11m-21d22h35m:60,10,60,25
21d06h11m-21d22h30m:57,30,57,45
21d07h17m-21d23h59m:15,25,15,30,20,30,20,35,30,35,30,40
21d08h14m-21d22h31m:25,25,30,25,30,30,35,30
21d09h17m-21d21h17m:15,03,22,03,22,08,37,08,37,12
21d10h17m-21d22h02m:67,37,67,22
21d11h09m-21d22h41m:17,15,25,15
22d00h11m-22d22h23m:50,10,55,10,55,25
22d01h07m-22d23h59m:25,45,45,45,45,40
22d01h56m-22d22h04m:05,20,05,35
22d02h40m-22d20h53m:15,40,27,40
22d03h36m-22d23h59m:08,03,08,23,20,23
22d04h29m-22d20h16m:60,10,60,25
22d05h19m-22d20h05m:15,25,15,30,20,30,20,35,30,35,30,40
22d05h59m-22d23h59m:15,03,22,03,22,08,37,08,37,12
22d06h52m-22d23h59m:67,37,67,22
22d08h01m-22d22h20m:17,15,25,15
22d08h47m-22d20h38m:25,45,45,45,45,40
22d09h38m-22d22h54m:05,20,05,35
22d10h31m-22d23h59m:15,10,30,10,30,18
22d11h05m-22d22h20m:15,40,27,40
23d00h18m-23d21h23m:08,03,08,23,20,23
23d01h35m-23d21h29m:60,10,60,25
23d02h30m-23d20h36m:15,25,15,30,20,30,20,35,30,35,30,40
23d03h24m-23d21h27m:15,03,22,03,22,08,37,08,37,12
23d04h30m-23d21h09m:42,08,42,15,47,15,47,27,55,27
23d05h35m-23d20h08m:67,37,67,22
23d06h45m-23d22h49m:17,15,25,15
23d07h43m-23d23h59m:50,10,55,10,55,25
23d09h11m-23d22h30m:10,20,40,20,40,35
23d09h50m-23d23h59m:15,10,30,10,30,18
23d11h17m-23d23h59m:08,03,08,23,20,23
24d00h01m-24d21h19m:60,10,60,25
24d01h00m-24d21h17m:57,30,57,45
24d01h56m-24d22h31m:25,25,30,25,30,30,35,30
24d02h45m-24d21h55m:42,08,42,15,47,15,47,27,55,27
24d04h04m-24d21h02m:17,15,25,15
24d04h42m-24d20h23m:50,10,55,10,55,25
24d05h56m-24d20h46m:25,45,45,45,45,40
24d06h51m-24d21h51m:10,20,40,20,40,35
24d07h42m-24d22h58m:15,10,30,10,30,18
24d08h30m-24d23h59m:15,40,27,40
24d09h21m-24d20h46m:60,10,60,25
24d10h27m-24d23h59m:57,30,57,45
24d11h25m-24d21h08m:15,25,15,30,20,30,20,35,30,35,30,40
25d00h31m-25d23h59m:25,25,30,25,30,30,35,30
25d01h17m-25d20h56m:15,03,22,03,22,08,37,08,37,12
25d02h42m-25d20h56m:67,37,67,22
25d03h22m-25d23h59m:17,15,25,15
25d04h41m-25d21h35m:50,10,55,10,55,25
25d05h33m-25d23h59m:25,45,45,45,45,40
25d06h38m-25d22h20m:10,20,40,20,40,35
25d07h51m-25d23h59m:15,10,30,10,30,18
25d09h03m-25d22h11m:08,03,08,23,20,23
25d09h53m-25d20h12m:57,30,57,45
25d11h19m-25d22h53m:25,25,30,25,30,30,35,30
26d00h11m-26d23h59m:15,03,22,03,22,08,37,08,37,12
26d00h54m-26d20h57m:67,37,67,22
26d01h49m-26d21h37m:17,15,25,15
26d02h47m-26d21h59m:25,45,45,45,45,40
26d03h37m-26d20h43m:10,20,40,20,40,35
26d04h37m-26d21h57m:15,10,30,10,30,18
26d05h30m-26d22h43m:08,03,08,23,20,23
26d05h58m-26d21h57m:60,10,60,25
26d07h02m-26d21h24m:57,30,57,45
26d07h56m-26d22h48m:15,25,15,30,20,30,20,35,30,35,30,40
26d08h54m-26d20h06m:25,25,30,25,30,30,35,30
26d09h25m-26d21h26m:42,08,42,15,47,15,47,27,55,27
26d10h21m-26d22h02m:17,15,25,15
26d11h26m-26d20h47m:25,45,45,45,45,40
27d00h29m-27d23h59m:10,20,40,20,40,35
27d01h51m-27d22h27m:05,20,05,35
27d03h05m-27d23h59m:15,10,30,10,30,18
27d05h10m-27d21h17m:15,40,27,40
27d06h19m-27d21h54m:60,10,60,25
27d08h02m-27d23h59m:15,25,15,30,20,30,20,35,30,35,30,40
27d09h24m-27d21h26m:15,03,22,03,22,08,37,08,37,12
27d10h42m-27d20h58m:42,08,42,15,47,15,47,27,55,27
28d00h07m-28d23h59m:67,37,67,22
28d01h14m-28d23h59m:50,10,55,10,55,25
28d02h01m-28d21h32m:10,20,40,20,40,35
28d02h55m-28d20h53m:15,10,30,10,30,18
28d03h45m-28d23h59m:15,40,27,40
28d04h16m-28d23h59m:08,03,08,23,20,23
28d05h14m-28d20h39m:60,10,60,25
28d06h14m-28d22h18m:15,25,15,30,20,30,20,35,30,35,30,40
28d06h48m-28d20h44m:15,03,22,03,22,08,37,08,37,12
28d08h00m-28d21h46m:67,37,67,22
28d08h42m-28d21h20m:50,10,55,10,55,25
28d09h22m-28d23h59m:25,45,45,45,45,40
28d10h29m-28d22h46m:10,20,40,20,40,35
28d11h12m-28d20h53m:05,20,05,35
