01d00h36m-01d23h59m:15,10,30,10,30,18
01d01h35m-01d20h45m:08,03,08,23,20,23
01d03h01m-01d22h26m:57,30,57,45
01d05h00m-01d21h38m:15,25,15,30,20,30,20,35,30,35,30,40
01d06h27m-01d20h27m:25,25,30,25,30,30,35,30
01d07h58m-01d23h59m:42,08,42,15,47,15,47,27,55,27
01d09h10m-01d22h54m:17,15,25,15
01d11h07m-01d22h09m:25,45,45,45,45,40
02d00h16m-02d22h40m:10,20,40,20,40,35
02d01h14m-02d21h33m:15,10,30,10,30,18
02d01h59m-02d23h59m:15,40,27,40
02d02h57m-02d20h07m:60,10,60,25
02d03h37m-02d20h16m:15,25,15,30,20,30,20,35,30,35,30,40
02d04h15m-02d20h51m:15,03,22,03,22,08,37,08,37,12
02d05h29m-02d20h43m:67,37,67,22
02d05h59m-02d23h59m:50,10,55,10,55,25
02d06h56m-02d20h48m:10,20,40,20,40,35
02d08h01m-02d23h59m:05,20,05,35
02d08h41m-02d23h59m:15,10,30,10,30,18
02d09h35m-02d20h25m:08,03,08,23,20,23
02d10h20m-02d20h18m:60,10,60,25
02d11h24m-02d22h01m:57,30,57,45
03d00h27m-03d20h18m:15,25,15,30,20,30,20,35,30,35,30,40
03d01h57m-03d21h48m:25,25,30,25,30,30,35,30
03d03h07m-03d21h14m:15,03,22,03,22,08,37,08,37,12
03d05h04m-03d22h57m:42,08,42,15,47,15,47,27,55,27
03d06h14m-03d20h16m:67,37,67,22
03d07h36m-03d20h45m:50,10,55,10,55,25
03d09h07m-03d20h53m:10,20,40,20,40,35
03d10h37m-03d20h26m:05,20,05,35
04d00h23m-04d20h09m:15,40,27,40
04d01h14m-04d21h17m:60,10,60,25
04d02h47m-04d20h42m:15,25,15,30,20,30,20,35,30,35,30,40
04d03h52m-04d23h59m:25,25,30,25,30,30,35,30
04d05h01m-04d23h59m:15,03,22,03,22,08,37,08,37,12
04d06h27m-04d21h59m:67,37,67,22
04d07h29m-04d21h45m:50,10,55,10,55,25
04d08h44m-04d23h59m:25,45,45,45,45,40
04d10h05m-04d21h35m:05,20,05,35
04d11h23m-04d21h27m:15,10,30,10,30,18
05d00h17m-05d23h59m:08,03,08,23,20,23
05d01h05m-05d23h59m:57,30,57,45
05d02h06m-05d22h06m:25,25,30,25,30,30,35,30
05d03h08m-05d22h50m:42,08,42,15,47,15,47,27,55,27
05d04h00m-05d23h59m:67,37,67,22
05d04h46m-05d23h59m:50,10,55,10,55,25
05d05h33m-05d20h34m:25,45,45,45,45,40
05d06h43m-05d22h42m:05,20,05,35
05d07h36m-05d22h03m:15,10,30,10,30,18
05d08h19m-05d22h15m:15,40,27,40
05d09h34m-05d21h58m:60,10,60,25
05d10h18m-05d20h22m:15,25,15,30,20,30,20,35,30,35,30,40
05d11h17m-05d20h04m:25,25,30,25,30,30,35,30
06d00h21m-06d21h14m:15,03,22,03,22,08,37,08,37,12
06d01h16m-06d22h41m:42,08,42,15,47,15,47,27,55,27
06d01h57m-06d22h55m:67,37,67,22
06d03h04m-06d20h48m:50,10,55,10,55,25
06d03h49m-06d21h50m:10,20,40,20,40,35
06d04h48m-06d23h59m:15,10,30,10,30,18
06d05h55m-06d23h59m:15,40,27,40
06d06h52m-06d23h59m:08,03,08,23,20,23
06d07h34m-06d21h10m:60,10,60,25
06d08h34m-06d21h39m:57,30,57,45
06d09h31m-06d21h54m:25,25,30,25,30,30,35,30
06d10h30m-06d21h43m:42,08,42,15,47,15,47,27,55,27
06d11h01m-06d22h50m:17,15,25,15
07d00h23m-07d21h13m:50,10,55,10,55,25
07d00h58m-07d22h01m:10,20,40,20,40,35
07d01h58m-07d23h59m:05,20,05,35
07d03h01m-07d20h59m:15,10,30,10,30,18
07d04h03m-07d21h16m:08,03,08,23,20,23
07d04h54m-07d21h28m:57,30,57,45
07d05h42m-07d23h59m:15,25,15,30,20,30,20,35,30,35,30,40
07d06h46m-07d23h59m:15,03,22,03,22,08,37,08,37,12
07d07h36m-07d22h06m:42,08,42,15,47,15,47,27,55,27
07d08h31m-07d22h41m:17,15,25,15
07d09h32m-07d23h59m:25,45,45,45,45,40
07d10h28m-07d20h39m:05,20,05,35
07d11h10m-07d22h58m:15,10,30,10,30,18
08d00h08m-08d21h37m:15,40,27,40
08d01h25m-08d20h37m:08,03,08,23,20,23
08d02h29m-08d21h40m:57,30,57,45
08d03h39m-08d20h23m:25,25,30,25,30,30,35,30
08d05h00m-08d22h49m:42,08,42,15,47,15,47,27,55,27
08d06h26m-08d23h59m:17,15,25,15
08d07h35m-08d22h55m:50,10,55,10,55,25
08d08h39m-08d20h58m:25,45,45,45,45,40
08d10h01m-08d20h40m:10,20,40,20,40,35
08d11h15m-08d23h59m:05,20,05,35
09d00h01m-09d21h36m:15,40,27,40
09d00h51m-09d22h06m:60,10,60,25
09d01h53m-09d22h21m:15,25,15,30,20,30,20,35,30,35,30,40
09d02h47m-09d21h07m:15,03,22,03,22,08,37,08,37,12
09d03h38m-09d22h44m:42,08,42,15,47,15,47,27,55,27
09d04h33m-09d22h40m:67,37,67,22
09d05h26m-09d20h34m:50,10,55,10,55,25
09d06h08m-09d20h00m:25,45,45,45,45,40
09d06h53m-09d21h10m:05,20,05,35
09d07h59m-09d22h24m:15,10,30,10,30,18
09d08h50m-09d21h57m:08,03,08,23,20,23
09d09h23m-09d20h50m:60,10,60,25
09d10h29m-09d21h33m:15,25,15,30,20,30,20,35,30,35,30,40
09d11h17m-09d20h44m:15,03,22,03,22,08,37,08,37,12
10d00h16m-10d21h45m:67,37,67,22
10d01h23m-10d20h31m:50,10,55,10,55,25
10d02h18m-10d22h10m:10,20,40,20,40,35
10d03h15m-10d22h22m:15,10,30,10,30,18
10d04h28m-10d22h31m:08,03,08,23,20,23
10d05h11m-10d23h59m:60,10,60,25
10d06h06m-10d23h59m:15,25,15,30,20,30,20,35,30,35,30,40
10d07h26m-10d22h17m:25,25,30,25,30,30,35,30
10d08h07m-10d23h59m:42,08,42,15,47,15,47,27,55,27
10d09h24m-10d22h57m:67,37,67,22
10d10h25m-10d22h23m:17,15,25,15
10d11h23m-10d21h09m:25,45,45,45,45,40
11d00h26m-11d23h59m:05,20,05,35
11d01h12m-11d20h36m:15,40,27,40
11d02h54m-11d23h59m:60,10,60,25
11d03h54m-11d21h26m:57,30,57,45
11d04h48m-11d20h29m:15,25,15,30,20,30,20,35,30,35,30,40
11d06h22m-11d21h58m:25,25,30,25,30,30,35,30
11d07h34m-11d20h24m:15,03,22,03,22,08,37,08,37,12
11d08h52m-11d21h25m:42,08,42,15,47,15,47,27,55,27
11d09h52m-11d22h14m:67,37,67,22
11d11h14m-11d21h49m:50,10,55,10,55,25
12d00h10m-12d21h35m:25,45,45,45,45,40
12d01h59m-12d20h21m:05,20,05,35
12d03h22m-12d20h10m:15,10,30,10,30,18
12d05h14m-12d22h27m:15,40,27,40
12d06h08m-12d21h47m:08,03,08,23,20,23
12d08h03m-12d20h58m:60,10,60,25
12d09h43m-12d21h33m:15,25,15,30,20,30,20,35,30,35,30,40
12d10h45m-12d21h22m:25,25,30,25,30,30,35,30
13d00h12m-13d20h21m:15,03,22,03,22,08,37,08,37,12
13d00h58m-13d22h48m:67,37,67,22
13d02h10m-13d23h59m:17,15,25,15
13d03h11m-13d20h43m:50,10,55,10,55,25
13d03h48m-13d20h32m:10,20,40,20,40,35
13d04h53m-13d22h40m:15,10,30,10,30,18
13d05h44m-13d22h34m:08,03,08,23,20,23
13d06h44m-13d22h04m:60,10,60,25
13d07h40m-13d23h59m:57,30,57,45
13d08h20m-13d22h28m:15,25,15,30,20,30,20,35,30,35,30,40
13d09h14m-13d21h48m:25,25,30,25,30,30,35,30
13d10h31m-13d21h58m:15,03,22,03,22,08,37,08,37,12
13d11h08m-13d23h59m:67,37,67,22
14d00h07m-14d21h33m:17,15,25,15
14d01h14m-14d22h32m:25,45,45,45,45,40
14d02h31m-14d23h59m:10,20,40,20,40,35
14d03h47m-14d21h59m:15,10,30,10,30,18
14d04h28m-14d22h04m:08,03,08,23,20,23
14d05h45m-14d20h56m:60,10,60,25
14d07h01m-14d20h36m:57,30,57,45
14d07h39m-14d22h50m:15,25,15,30,20,30,20,35,30,35,30,40
14d08h55m-14d20h21m:15,03,22,03,22,08,37,08,37,12
14d09h47m-14d20h59m:42,08,42,15,47,15,47,27,55,27
14d11h12m-14d23h59m:17,15,25,15
15d00h16m-15d21h57m:25,45,45,45,45,40
15d01h12m-15d22h39m:10,20,40,20,40,35
15d02h27m-15d20h55m:05,20,05,35
15d03h20m-15d22h30m:15,40,27,40
15d04h11m-15d21h35m:08,03,08,23,20,23
15d05h13m-15d20h33m:57,30,57,45
15d06h23m-15d22h48m:25,25,30,25,30,30,35,30
15d07h10m-15d21h22m:42,08,42,15,47,15,47,27,55,27
15d08h23m-15d23h59m:17,15,25,15
15d09h17m-15d21h53m:25,45,45,45,45,40
15d10h03m-15d23h59m:10,20,40,20,40,35
15d11h26m-15d23h59m:15,10,30,10,30,18
16d00h27m-16d20h30m:08,03,08,23,20,23
16d01h56m-16d22h49m:57,30,57,45
16d03h07m-16d20h39m:15,25,15,30,20,30,20,35,30,35,30,40
16d05h04m-16d22h18m:15,03,22,03,22,08,37,08,37,12
16d06h43m-16d23h59m:42,08,42,15,47,15,47,27,55,27
16d07h45m-16d20h19m:17,15,25,15
16d09h32m-16d20h22m:50,10,55,10,55,25
16d11h07m-16d20h11m:10,20,40,20,40,35
17d00h13m-17d20h02m:15,10,30,10,30,18
17d01h23m-17d21h13m:15,40,27,40
17d02h14m-17d20h32m:08,03,08,23,20,23
17d03h17m-17d21h35m:60,10,60,25
17d04h43m-17d22h41m:15,25,15,30,20,30,20,35,30,35,30,40
17d05h31m-17d23h59m:15,03,22,03,22,08,37,08,37,12
17d06h43m-17d23h59m:67,37,67,22
17d07h55m-17d22h35m:17,15,25,15
17d08h54m-17d21h16m:25,45,45,45,45,40
17d10h04m-17d23h59m:10,20,40,20,40,35
17d11h11m-17d22h42m:05,20,05,35
18d00h24m-18d23h59m:15,40,27,40
18d01h29m-18d22h53m:08,03,08,23,20,23
18d02h36m-18d23h59m:57,30,57,45
18d03h56m-18d22h30m:25,25,30,25,30,30,35,30
18d05h11m-18d23h59m:15,03,22,03,22,08,37,08,37,12
18d06h29m-18d20h10m:42,08,42,15,47,15,47,27,55,27
18d07h41m-18d20h34m:67,37,67,22
18d08h54m-18d20h16m:50,10,55,10,55,25
18d09h37m-18d22h57m:25,45,45,45,45,40
18d11h16m-18d22h28m:10,20,40,20,40,35
19d00h11m-19d22h03m:15,10,30,10,30,18
19d01h07m-19d22h44m:15,40,27,40
19d02h01m-19d20h59m:60,10,60,25
19d02h55m-19d21h39m:57,30,57,45
19d04h05m-19d22h47m:15,25,15,30,20,30,20,35,30,35,30,40
19d04h44m-19d20h05m:25,25,30,25,30,30,35,30
19d05h39m-19d22h18m:42,08,42,15,47,15,47,27,55,27
19d06h38m-19d22h15m:17,15,25,15
19d07h29m-19d20h44m:25,45,45,45,45,40
19d08h31m-19d21h29m:05,20,05,35
19d09h36m-19d20h19m:15,40,27,40
19d10h09m-19d23h59m:08,03,08,23,20,23
19d11h20m-19d22h11m:60,10,60,25
20d00h24m-20d20h46m:15,25,15,30,20,30,20,35,30,35,30,40
20d01h11m-20d20h06m:25,25,30,25,30,30,35,30
20d02h00m-20d20h14m:42,08,42,15,47,15,47,27,55,27
20d03h07m-20d22h21m:67,37,67,22
20d03h54m-20d20h32m:17,15,25,15
20d04h49m-20d21h20m:25,45,45,45,45,40
20d05h53m-20d20h18m:10,20,40,20,40,35
20d06h51m-20d22h57m:15,10,30,10,30,18
20d07h27m-20d22h44m:15,40,27,40
20d08h20m-20d22h00m:08,03,08,23,20,23
20d09h11m-20d23h59m:60,10,60,25
20d10h13m-20d20h00m:15,25,15,30,20,30,20,35,30,35,30,40
20d11h20m-20d23h59m:25,25,30,25,30,30,35,30
21d00h11m-21d20h16m:42,08,42,15,47,15,47,27,55,27
21d01h23m-21d21h00m:17,15,25,15
21d02h19m-21d22h47m:50,10,55,10,55,25
21d03h01m-21d22h36m:10,20,40,20,40,35
21d04h21m-21d23h59m:15,10,30,10,30,18
21d05h00m-21d20h51m:15,40,27,40
21d06h28m-21d21h47m:60,10,60,25
21d07h21m-21d21h33m:15,25,15,30,20,30,20,35,30,35,30,40
21d08h02m-21d20h06m:25,25,30,25,30,30,35,30
21d09h13m-21d20h17m:15,03,22,03,22,08,37,08,37,12
21d10h20m-21d20h17m:67,37,67,22
21d11h15m-21d22h25m:17,15,25,15
22d00h10m-22d21h57m:25,45,45,45,45,40
22d00h55m-22d21h40m:05,20,05,35
22d02h15m-22d21h59m:15,40,27,40
22d03h01m-22d23h59m:08,03,08,23,20,23
22d03h50m-22d21h28m:60,10,60,25
22d04h54m-22d23h59m:57,30,57,45
22d05h44m-22d20h38m:25,25,30,25,30,30,35,30
22d06h37m-22d23h59m:42,08,42,15,47,15,47,27,55,27
22d07h22m-22d21h31m:17,15,25,15
22d08h34m-22d21h14m:25,45,45,45,45,40
22d09h26m-22d20h49m:10,20,40,20,40,35
22d10h09m-22d20h51m:15,10,30,10,30,18
22d11h20m-22d20h10m:08,03,08,23,20,23
23d00h08m-23d23h59m:57,30,57,45
23d01h32m-23d21h31m:15,25,15,30,20,30,20,35,30,35,30,40
23d03h02m-23d23h59m:25,25,30,25,30,30,35,30
23d04h44m-23d23h59m:42,08,42,15,47,15,47,27,55,27
23d06h11m-23d21h27m:67,37,67,22
23d07h31m-23d20h18m:17,15,25,15
23d09h34m-23d22h55m:25,45,45,45,45,40
23d10h52m-23d20h04m:10,20,40,20,40,35
24d00h04m-24d23h59m:05,20,05,35
24d01h15m-24d20h28m:15,40,27,40
24d02h39m-24d21h50m:60,10,60,25
24d03h56m-24d20h08m:15,25,15,30,20,30,20,35,30,35,30,40
24d04h58m-24d21h01m:15,03,22,03,22,08,37,08,37,12
24d06h27m-24d21h33m:67,37,67,22
24d07h20m-24d23h59m:50,10,55,10,55,25
24d08h49m-24d22h59m:10,20,40,20,40,35
24d09h46m-24d22h25m:05,20,05,35
24d10h54m-24d21h16m:15,10,30,10,30,18
25d00h20m-25d21h41m:15,40,27,40
25d01h06m-25d23h59m:60,10,60,25
25d01h50m-25d22h15m:15,25,15,30,20,30,20,35,30,35,30,40
25d03h05m-25d22h41m:15,03,22,03,22,08,37,08,37,12
25d03h50m-25d22h50m:42,08,42,15,47,15,47,27,55,27
25d04h54m-25d23h59m:17,15,25,15
25d05h39m-25d20h47m:50,10,55,10,55,25
25d06h40m-25d21h44m:25,45,45,45,45,40
25d07h32m-25d23h59m:10,20,40,20,40,35
25d08h40m-25d20h27m:15,10,30,10,30,18
25d09h23m-25d22h36m:08,03,08,23,20,23
25d10h23m-25d22h54m:60,10,60,25
25d11h24m-25d23h59m:15,25,15,30,20,30,20,35,30,35,30,40
26d00h17m-26d22h29m:25,25,30,25,30,30,35,30
26d01h12m-26d23h59m:15,03,22,03,22,08,37,08,37,12
26d02h00m-26d22h28m:42,08,42,15,47,15,47,27,55,27
26d03h15m-26d23h59m:17,15,25,15
26d04h17m-26d20h54m:25,45,45,45,45,40
26d05h26m-26d20h58m:05,20,05,35
26d06h20m-26d23h59m:15,40,27,40
26d07h00m-26d22h47m:08,03,08,23,20,23
26d08h15m-26d22h55m:60,10,60,25
26d09h18m-26d21h00m:15,25,15,30,20,30,20,35,30,35,30,40
26d10h20m-26d23h59m:15,03,22,03,22,08,37,08,37,12
26d11h08m-26d21h39m:42,08,42,15,47,15,47,27,55,27
27d00h15m-27d21h32m:17,15,25,15
27d01h02m-27d20h50m:50,10,55,10,55,25
27d01h49m-27d21h45m:25,45,45,45,45,40
27d02h39m-27d22h20m:10,20,40,20,40,35
27d03h39m-27d23h59m:05,20,05,35
27d04h19m-27d21h55m:15,40,27,40
27d05h10m-27d21h50m:08,03,08,23,20,23
27d06h06m-27d20h08m:60,10,60,25
27d06h50m-27d20h49m:57,30,57,45
27d07h47m-27d22h42m:25,25,30,25,30,30,35,30
27d08h53m-27d22h44m:15,03,22,03,22,08,37,08,37,12
27d09h35m-27d23h59m:67,37,67,22
27d10h24m-27d23h59m:17,15,25,15
27d11h12m-27d21h10m:25,45,45,45,45,40
28d00h12m-28d20h53m:05,20,05,35
28d01h12m-28d21h53m:15,40,27,40
28d02h16m-28d21h54m:60,10,60,25
28d02h50m-28d21h59m:15,25,15,30,20,30,20,35,30,35,30,40
28d04h00m-28d20h39m:25,25,30,25,30,30,35,30
28d04h59m-28d21h08m:42,08,42,15,47,15,47,27,55,27
28d05h50m-28d22h33m:67,37,67,22
28d06h35m-28d21h27m:50,10,55,10,55,25
28d07h35m-28d22h14m:25,45,45,45,45,40
28d08h20m-28d20h26m:10,20,40,20,40,35
28d09h11m-28d20h55m:05,20,05,35
28d10h28m-28d22h23m:15,40,27,40
28d11h01m-28d22h45m:08,03,08,23,20,23
