01d00h19m-01d23h59m:15,10,30,10,30,18
01d01h31m-01d21h36m:08,03,08,23,20,23
01d02h10m-01d22h47m:60,10,60,25
01d03h19m-01d20h50m:15,25,15,30,20,30,20,35,30,35,30,40
01d04h35m-01d21h14m:15,03,22,03,22,08,37,08,37,12
01d05h44m-01d23h59m:42,08,42,15,47,15,47,27,55,27
01d06h41m-01d20h21m:17,15,25,15
01d07h36m-01d22h40m:25,45,45,45,45,40
01d08h56m-01d20h16m:10,20,40,20,40,35
01d10h04m-01d20h33m:15,10,30,10,30,18
01d10h52m-01d21h37m:15,40,27,40
02d00h06m-02d20h02m:08,03,08,23,20,23
02d01h10m-02d23h59m:60,10,60,25
02d02h17m-02d23h59m:15,25,15,30,20,30,20,35,30,35,30,40
02d02h51m-02d23h59m:15,03,22,03,22,08,37,08,37,12
02d03h54m-02d21h27m:67,37,67,22
02d04h57m-02d20h28m:50,10,55,10,55,25
02d05h40m-02d22h39m:10,20,40,20,40,35
02d06h34m-02d20h33m:15,10,30,10,30,18
02d07h41m-02d20h15m:08,03,08,23,20,23
02d08h31m-02d21h32m:57,30,57,45
02d09h15m-02d22h06m:25,25,30,25,30,30,35,30
02d10h13m-02d23h59m:15,03,22,03,22,08,37,08,37,12
02d11h07m-02d22h56m:42,08,42,15,47,15,47,27,55,27
03d00h04m-03d21h38m:67,37,67,22
03d01h01m-03d20h22m:17,15,25,15
03d01h54m-03d22h15m:25,45,45,45,45,40
03d02h50m-03d23h59m:05,20,05,35
03d03h44m-03d23h59m:15,10,30,10,30,18
03d04h17m-03d23h59m:08,03,08,23,20,23
03d05h07m-03d23h59m:57,30,57,45
03d06h08m-03d21h38m:15,25,15,30,20,30,20,35,30,35,30,40
03d07h07m-03d22h21m:15,03,22,03,22,08,37,08,37,12
03d07h39m-03d21h31m:67,37,67,22
03d08h51m-03d22h06m:50,10,55,10,55,25
03d09h21m-03d21h45m:25,45,45,45,45,40
03d10h22m-03d22h17m:10,20,40,20,40,35
03d11h28m-03d21h51m:15,10,30,10,30,18
04d00h03m-04d23h59m:15,40,27,40
04d01h22m-04d23h59m:60,10,60,25
04d02h18m-04d22h02m:15,25,15,30,20,30,20,35,30,35,30,40
04d03h11m-04d22h59m:25,25,30,25,30,30,35,30
04d04h03m-04d22h53m:15,03,22,03,22,08,37,08,37,12
04d05h14m-04d20h32m:42,08,42,15,47,15,47,27,55,27
04d06h21m-04d22h02m:67,37,67,22
04d07h01m-04d20h15m:17,15,25,15
04d08h25m-04d22h41m:50,10,55,10,55,25
04d09h29m-04d21h23m:10,20,40,20,40,35
04d10h26m-04d23h59m:15,10,30,10,30,18
04d11h08m-04d20h36m:08,03,08,23,20,23
05d00h08m-05d21h31m:57,30,57,45
05d01h24m-05d21h10m:15,25,15,30,20,30,20,35,30,35,30,40
05d02h37m-05d22h34m:25,25,30,25,30,30,35,30
05d03h42m-05d21h46m:42,08,42,15,47,15,47,27,55,27
05d05h19m-05d21h08m:67,37,67,22
05d06h33m-05d23h59m:17,15,25,15
05d07h14m-05d21h11m:25,45,45,45,45,40
05d08h33m-05d23h59m:10,20,40,20,40,35
05d09h42m-05d20h38m:05,20,05,35
05d11h13m-05d21h35m:15,40,27,40
06d00h16m-06d22h12m:60,10,60,25
06d01h10m-06d22h49m:15,25,15,30,20,30,20,35,30,35,30,40
06d02h22m-06d21h25m:25,25,30,25,30,30,35,30
06d03h25m-06d22h47m:42,08,42,15,47,15,47,27,55,27
06d04h10m-06d20h30m:17,15,25,15
06d05h19m-06d21h13m:50,10,55,10,55,25
06d06h23m-06d20h41m:10,20,40,20,40,35
06d07h24m-06d23h59m:05,20,05,35
06d08h10m-06d23h59m:15,10,30,10,30,18
06d09h00m-06d20h17m:15,40,27,40
06d10h06m-06d20h15m:60,10,60,25
06d11h27m-06d20h36m:15,25,15,30,20,30,20,35,30,35,30,40
07d00h22m-07d21h00m:25,25,30,25,30,30,35,30
07d01h33m-07d21h02m:15,03,22,03,22,08,37,08,37,12
07d02h36m-07d20h36m:67,37,67,22
07d03h36m-07d20h05m:17,15,25,15
07d04h37m-07d21h32m:50,10,55,10,55,25
07d05h49m-07d23h59m:25,45,45,45,45,40
07d06h54m-07d20h41m:10,20,40,20,40,35
07d07h43m-07d20h37m:05,20,05,35
07d09h11m-07d22h32m:15,40,27,40
07d10h06m-07d21h46m:60,10,60,25
07d11h12m-07d20h30m:15,25,15,30,20,30,20,35,30,35,30,40
08d00h18m-08d22h10m:15,03,22,03,22,08,37,08,37,12
08d01h07m-08d20h10m:67,37,67,22
08d02h12m-08d21h07m:17,15,25,15
08d03h02m-08d20h40m:50,10,55,10,55,25
08d04h08m-08d23h59m:10,20,40,20,40,35
08d05h01m-08d20h30m:05,20,05,35
08d06h27m-08d22h53m:15,40,27,40
08d07h23m-08d20h53m:08,03,08,23,20,23
08d08h24m-08d20h53m:60,10,60,25
08d09h27m-08d22h29m:57,30,57,45
08d10h18m-08d20h25m:25,25,30,25,30,30,35,30
08d11h22m-08d20h08m:42,08,42,15,47,15,47,27,55,27
09d00h23m-09d20h51m:17,15,25,15
09d01h10m-09d21h09m:50,10,55,10,55,25
09d02h09m-09d21h12m:10,20,40,20,40,35
09d03h21m-09d22h26m:05,20,05,35
09d04h14m-09d21h01m:15,10,30,10,30,18
09d05h12m-09d20h16m:08,03,08,23,20,23
09d06h14m-09d20h41m:57,30,57,45
09d07h18m-09d22h08m:15,25,15,30,20,30,20,35,30,35,30,40
09d08h02m-09d20h43m:15,03,22,03,22,08,37,08,37,12
09d09h28m-09d21h36m:67,37,67,22
09d10h20m-09d21h08m:50,10,55,10,55,25
09d11h09m-09d20h57m:25,45,45,45,45,40
10d00h04m-10d20h44m:05,20,05,35
10d01h53m-10d20h35m:15,40,27,40
10d03h06m-10d21h08m:60,10,60,25
10d04h08m-10d23h59m:15,25,15,30,20,30,20,35,30,35,30,40
10d05h38m-10d20h13m:25,25,30,25,30,30,35,30
10d07h19m-10d23h59m:15,03,22,03,22,08,37,08,37,12
10d08h24m-10d23h59m:42,08,42,15,47,15,47,27,55,27
10d09h29m-10d22h10m:67,37,67,22
10d10h42m-10d20h51m:50,10,55,10,55,25
11d00h25m-11d21h34m:25,45,45,45,45,40
11d01h01m-11d23h59m:05,20,05,35
11d02h16m-11d20h23m:15,40,27,40
11d03h08m-11d21h56m:60,10,60,25
11d03h44m-11d20h57m:15,25,15,30,20,30,20,35,30,35,30,40
11d04h54m-11d22h13m:25,25,30,25,30,30,35,30
11d05h42m-11d22h05m:15,03,22,03,22,08,37,08,37,12
11d06h48m-11d21h38m:67,37,67,22
11d07h39m-11d20h42m:17,15,25,15
11d08h19m-11d21h34m:50,10,55,10,55,25
11d09h10m-11d23h59m:10,20,40,20,40,35
11d10h10m-11d22h51m:05,20,05,35
11d11h13m-11d20h41m:15,10,30,10,30,18
12d00h07m-12d22h41m:08,03,08,23,20,23
12d00h59m-12d21h48m:57,30,57,45
12d01h48m-12d22h56m:15,25,15,30,20,30,20,35,30,35,30,40
12d02h49m-12d20h10m:15,03,22,03,22,08,37,08,37,12
12d03h48m-12d20h23m:42,08,42,15,47,15,47,27,55,27
12d04h20m-12d23h59m:17,15,25,15
12d05h31m-12d23h59m:25,45,45,45,45,40
12d06h00m-12d22h09m:05,20,05,35
12d07h04m-12d21h58m:15,40,27,40
12d07h49m-12d23h59m:60,10,60,25
12d08h34m-12d22h33m:15,25,15,30,20,30,20,35,30,35,30,40
12d09h35m-12d22h29m:25,25,30,25,30,30,35,30
12d10h22m-12d20h22m:42,08,42,15,47,15,47,27,55,27
12d11h04m-12d20h10m:17,15,25,15
13d00h27m-13d22h47m:25,45,45,45,45,40
13d01h06m-13d22h46m:05,20,05,35
13d02h03m-13d23h59m:15,10,30,10,30,18
13d03h20m-13d22h54m:15,40,27,40
13d04h19m-13d20h08m:08,03,08,23,20,23
13d05h20m-13d20h44m:57,30,57,45
13d06h19m-13d20h08m:25,25,30,25,30,30,35,30
13d07h09m-13d22h49m:15,03,22,03,22,08,37,08,37,12
13d08h19m-13d22h01m:42,08,42,15,47,15,47,27,55,27
13d09h23m-13d21h03m:67,37,67,22
13d10h15m-13d20h45m:50,10,55,10,55,25
13d11h23m-13d23h59m:25,45,45,45,45,40
14d00h03m-14d22h00m:10,20,40,20,40,35
14d01h14m-14d23h59m:05,20,05,35
14d01h42m-14d22h20m:15,10,30,10,30,18
14d02h34m-14d22h09m:08,03,08,23,20,23
14d03h25m-14d20h37m:60,10,60,25
14d04h17m-14d22h53m:57,30,57,45
14d05h18m-14d20h36m:15,25,15,30,20,30,20,35,30,35,30,40
14d06h16m-14d22h17m:25,25,30,25,30,30,35,30
14d06h49m-14d21h21m:42,08,42,15,47,15,47,27,55,27
14d08h00m-14d22h36m:67,37,67,22
14d08h44m-14d22h56m:50,10,55,10,55,25
14d09h41m-14d22h16m:10,20,40,20,40,35
14d10h17m-14d20h01m:05,20,05,35
14d11h08m-14d22h04m:15,10,30,10,30,18
15d00h02m-15d22h53m:15,40,27,40
15d00h58m-15d22h35m:60,10,60,25
15d02h03m-15d21h41m:15,25,15,30,20,30,20,35,30,35,30,40
15d02h46m-15d21h12m:15,03,22,03,22,08,37,08,37,12
15d03h52m-15d21h40m:67,37,67,22
15d05h01m-15d22h33m:17,15,25,15
15d05h56m-15d21h11m:50,10,55,10,55,25
15d06h25m-15d20h45m:25,45,45,45,45,40
15d07h36m-15d22h25m:05,20,05,35
15d08h29m-15d20h19m:15,10,30,10,30,18
15d09h14m-15d23h59m:15,40,27,40
15d10h26m-15d22h27m:60,10,60,25
15d11h14m-15d20h50m:15,25,15,30,20,30,20,35,30,35,30,40
16d00h14m-16d20h03m:25,25,30,25,30,30,35,30
16d01h32m-16d20h28m:15,03,22,03,22,08,37,08,37,12
16d03h29m-16d23h59m:67,37,67,22
16d04h52m-16d21h52m:50,10,55,10,55,25
16d06h13m-16d23h59m:10,20,40,20,40,35
16d07h47m-16d22h07m:05,20,05,35
16d09h08m-16d22h31m:15,40,27,40
16d10h30m-16d22h22m:60,10,60,25
17d00h21m-17d21h03m:15,25,15,30,20,30,20,35,30,35,30,40
17d01h05m-17d23h59m:15,03,22,03,22,08,37,08,37,12
17d02h16m-17d22h10m:67,37,67,22
17d03h15m-17d20h28m:50,10,55,10,55,25
17d04h34m-17d22h19m:10,20,40,20,40,35
17d05h51m-17d21h05m:15,10,30,10,30,18
17d06h40m-17d23h59m:08,03,08,23,20,23
17d07h54m-17d22h20m:60,10,60,25
17d08h46m-17d23h59m:57,30,57,45
17d09h59m-17d21h37m:25,25,30,25,30,30,35,30
17d11h03m-17d22h19m:15,03,22,03,22,08,37,08,37,12
18d00h26m-18d20h26m:42,08,42,15,47,15,47,27,55,27
18d01h15m-18d22h07m:67,37,67,22
18d02h57m-18d23h59m:17,15,25,15
18d03h50m-18d20h28m:25,45,45,45,45,40
18d05h03m-18d21h15m:10,20,40,20,40,35
18d06h23m-18d22h36m:15,10,30,10,30,18
18d07h14m-18d20h51m:08,03,08,23,20,23
18d08h37m-18d21h29m:60,10,60,25
18d09h46m-18d22h20m:15,25,15,30,20,30,20,35,30,35,30,40
18d11h15m-18d22h52m:25,25,30,25,30,30,35,30
19d00h19m-19d22h56m:42,08,42,15,47,15,47,27,55,27
19d01h28m-19d20h53m:67,37,67,22
19d02h46m-19d20h01m:17,15,25,15
19d04h00m-19d20h47m:25,45,45,45,45,40
19d04h53m-19d21h23m:10,20,40,20,40,35
19d06h02m-19d22h39m:05,20,05,35
19d07h13m-19d20h50m:15,40,27,40
19d08h40m-19d23h59m:08,03,08,23,20,23
19d10h09m-19d20h33m:60,10,60,25
19d11h12m-19d20h35m:15,25,15,30,20,30,20,35,30,35,30,40
20d00h21m-20d23h59m:25,25,30,25,30,30,35,30
20d01h10m-20d23h59m:15,03,22,03,22,08,37,08,37,12
20d02h07m-20d20h18m:67,37,67,22
20d02h54m-20d21h10m:17,15,25,15
20d03h45m-20d21h04m:25,45,45,45,45,40
20d04h59m-20d20h48m:10,20,40,20,40,35
20d05h30m-20d20h25m:05,20,05,35
20d06h38m-20d22h12m:15,40,27,40
20d07h33m-20d20h05m:60,10,60,25
20d08h34m-20d20h28m:15,25,15,30,20,30,20,35,30,35,30,40
20d09h12m-20d23h59m:25,25,30,25,30,30,35,30
20d10h05m-20d23h59m:42,08,42,15,47,15,47,27,55,27
20d11h02m-20d21h33m:67,37,67,22
21d00h02m-21d23h59m:17,15,25,15
21d01h00m-21d22h40m:25,45,45,45,45,40
21d02h05m-21d22h17m:10,20,40,20,40,35
21d02h48m-21d20h26m:05,20,05,35
21d04h00m-21d22h59m:15,10,30,10,30,18
21d04h45m-21d23h59m:08,03,08,23,20,23
21d05h46m-21d22h03m:60,10,60,25
21d06h47m-21d22h44m:15,25,15,30,20,30,20,35,30,35,30,40
21d07h40m-21d22h19m:25,25,30,25,30,30,35,30
21d08h23m-21d23h59m:15,03,22,03,22,08,37,08,37,12
21d09h19m-21d20h59m:67,37,67,22
21d10h12m-21d22h35m:50,10,55,10,55,25
21d11h03m-21d22h51m:10,20,40,20,40,35
22d00h12m-22d22h17m:05,20,05,35
22d01h34m-22d23h59m:15,40,27,40
22d02h44m-22d20h13m:60,10,60,25
22d04h23m-22d23h59m:57,30,57,45
22d05h37m-22d23h59m:15,25,15,30,20,30,20,35,30,35,30,40
22d07h08m-22d22h03m:15,03,22,03,22,08,37,08,37,12
22d08h25m-22d22h49m:67,37,67,22
22d09h44m-22d23h59m:50,10,55,10,55,25
22d10h42m-22d22h15m:25,45,45,45,45,40
23d00h12m-23d23h59m:05,20,05,35
23d01h22m-23d23h59m:15,10,30,10,30,18
23d02h20m-23d23h59m:15,40,27,40
23d03h24m-23d21h59m:60,10,60,25
23d04h44m-23d21h08m:57,30,57,45
23d05h42m-23d20h05m:25,25,30,25,30,30,35,30
23d06h38m-23d22h08m:15,03,22,03,22,08,37,08,37,12
23d07h55m-23d22h06m:67,37,67,22
23d08h44m-23d23h59m:17,15,25,15
23d10h05m-23d23h59m:50,10,55,10,55,25
23d11h16m-23d22h29m:25,45,45,45,45,40
24d00h14m-24d23h59m:05,20,05,35
24d02h03m-24d22h14m:15,40,27,40
24d03h13m-24d20h29m:08,03,08,23,20,23
24d04h42m-24d20h10m:60,10,60,25
24d06h38m-24d23h59m:15,25,15,30,20,30,20,35,30,35,30,40
24d08h03m-24d23h59m:25,25,30,25,30,30,35,30
24d09h03m-24d20h05m:15,03,22,03,22,08,37,08,37,12
24d11h12m-24d20h57m:42,08,42,15,47,15,47,27,55,27
25d00h17m-25d23h59m:67,37,67,22
25d01h46m-25d23h59m:50,10,55,10,55,25
25d02h40m-25d22h21m:25,45,45,45,45,40
25d03h42m-25d22h22m:10,20,40,20,40,35
25d04h57m-25d20h54m:15,10,30,10,30,18
25d06h06m-25d23h59m:08,03,08,23,20,23
25d07h46m-25d23h59m:57,30,57,45
25d08h28m-25d20h02m:15,25,15,30,20,30,20,35,30,35,30,40
25d09h44m-25d21h23m:15,03,22,03,22,08,37,08,37,12
25d10h50m-25d22h45m:67,37,67,22
26d00h04m-26d20h47m:17,15,25,15
26d00h57m-26d22h54m:25,45,45,45,45,40
26d01h59m-26d23h59m:10,20,40,20,40,35
26d03h01m-26d21h22m:05,20,05,35
26d03h55m-26d20h19m:15,40,27,40
26d04h35m-26d22h05m:60,10,60,25
26d05h48m-26d22h12m:57,30,57,45
26d06h28m-26d21h28m:15,25,15,30,20,30,20,35,30,35,30,40
26d07h28m-26d23h59m:15,03,22,03,22,08,37,08,37,12
26d08h27m-26d23h59m:67,37,67,22
26d09h12m-26d22h31m:50,10,55,10,55,25
26d10h05m-26d21h38m:10,20,40,20,40,35
26d11h03m-26d20h52m:05,20,05,35
27d00h26m-27d20h39m:15,40,27,40
27d01h27m-27d20h05m:60,10,60,25
27d02h33m-27d20h57m:57,30,57,45
27d03h50m-27d21h30m:15,25,15,30,20,30,20,35,30,35,30,40
27d04h49m-27d20h30m:25,25,30,25,30,30,35,30
27d06h28m-27d23h59m:42,08,42,15,47,15,47,27,55,27
27d07h45m-27d21h45m:17,15,25,15
27d08h59m-27d21h50m:25,45,45,45,45,40
27d09h52m-27d20h52m:05,20,05,35
27d10h49m-27d23h59m:15,40,27,40
28d00h12m-28d21h05m:60,10,60,25
28d01h18m-28d20h08m:15,25,15,30,20,30,20,35,30,35,30,40
28d02h43m-28d21h35m:15,03,22,03,22,08,37,08,37,12
28d03h45m-28d20h03m:67,37,67,22
28d05h20m-28d20h16m:17,15,25,15
28d06h15m-28d21h24m:50,10,55,10,55,25
28d07h12m-28d20h57m:10,20,40,20,40,35
28d08h32m-28d20h26m:15,10,30,10,30,18
28d09h48m-28d22h15m:08,03,08,23,20,23
28d11h20m-28d21h14m:60,10,60,25
