01d00h04m-01d20h04m:15,10,30,10,30,18
01d01h35m-01d22h36m:08,03,08,23,20,23
01d03h01m-01d20h07m:57,30,57,45
01d05h09m-01d20h34m:25,25,30,25,30,30,35,30
01d06h01m-01d23h59m:15,03,22,03,22,08,37,08,37,12
01d07h46m-01d20h16m:67,37,67,22
01d09h09m-01d22h20m:17,15,25,15
01d10h40m-01d21h48m:50,10,55,10,55,25
02d00h13m-02d22h23m:10,20,40,20,40,35
02d00h51m-02d23h59m:15,10,30,10,30,18
02d01h42m-02d20h35m:15,40,27,40
02d02h57m-02d21h05m:60,10,60,25
02d03h37m-02d21h19m:15,25,15,30,20,30,20,35,30,35,30,40
02d04h23m-02d20h58m:15,03,22,03,22,08,37,08,37,12
02d05h25m-02d23h59m:42,08,42,15,47,15,47,27,55,27
02d06h06m-02d20h01m:67,37,67,22
02d07h12m-02d20h02m:17,15,25,15
02d07h44m-02d20h16m:25,45,45,45,45,40
02d08h46m-02d20h24m:10,20,40,20,40,35
02d09h39m-02d22h29m:05,20,05,35
02d10h30m-02d20h05m:15,10,30,10,30,18
02d11h18m-02d23h59m:15,40,27,40
03d00h18m-03d22h24m:60,10,60,25
03d01h02m-03d22h08m:57,30,57,45
03d02h01m-03d21h46m:15,25,15,30,20,30,20,35,30,35,30,40
03d02h54m-03d20h20m:25,25,30,25,30,30,35,30
03d03h51m-03d21h13m:42,08,42,15,47,15,47,27,55,27
03d04h47m-03d20h24m:67,37,67,22
03d05h45m-03d21h20m:17,15,25,15
03d06h40m-03d21h15m:25,45,45,45,45,40
03d07h39m-03d22h41m:05,20,05,35
03d08h32m-03d22h29m:15,40,27,40
03d09h29m-03d21h29m:60,10,60,25
03d10h23m-03d23h59m:15,25,15,30,20,30,20,35,30,35,30,40
03d11h26m-03d21h57m:15,03,22,03,22,08,37,08,37,12
04d00h24m-04d20h12m:67,37,67,22
04d01h33m-04d21h01m:17,15,25,15
04d02h40m-04d21h26m:25,45,45,45,45,40
04d03h21m-04d22h08m:10,20,40,20,40,35
04d04h40m-04d22h39m:15,10,30,10,30,18
04d05h30m-04d20h43m:08,03,08,23,20,23
04d06h48m-04d23h59m:57,30,57,45
04d07h55m-04d22h33m:25,25,30,25,30,30,35,30
04d09h01m-04d23h59m:15,03,22,03,22,08,37,08,37,12
04d09h49m-04d22h22m:67,37,67,22
04d11h05m-04d21h36m:17,15,25,15
05d00h29m-05d21h11m:50,10,55,10,55,25
05d01h43m-05d21h26m:10,20,40,20,40,35
05d02h53m-05d23h59m:05,20,05,35
05d04h26m-05d20h27m:15,40,27,40
05d05h43m-05d20h34m:08,03,08,23,20,23
05d06h41m-05d20h48m:57,30,57,45
05d08h04m-05d23h59m:15,25,15,30,20,30,20,35,30,35,30,40
05d09h48m-05d20h31m:25,25,30,25,30,30,35,30
05d11h05m-05d22h47m:15,03,22,03,22,08,37,08,37,12
06d00h43m-06d20h26m:67,37,67,22
06d02h01m-06d20h02m:17,15,25,15
06d03h43m-06d23h59m:50,10,55,10,55,25
06d04h56m-06d22h18m:10,20,40,20,40,35
06d06h05m-06d20h07m:15,10,30,10,30,18
06d07h36m-06d22h10m:08,03,08,23,20,23
06d09h24m-06d22h05m:60,10,60,25
06d10h30m-06d21h26m:57,30,57,45
07d00h18m-07d22h29m:25,25,30,25,30,30,35,30
07d01h24m-07d21h22m:42,08,42,15,47,15,47,27,55,27
07d02h31m-07d21h56m:67,37,67,22
07d03h26m-07d22h43m:17,15,25,15
07d04h29m-07d20h12m:50,10,55,10,55,25
07d05h31m-07d23h59m:25,45,45,45,45,40
07d06h40m-07d21h07m:10,20,40,20,40,35
07d08h06m-07d23h59m:15,10,30,10,30,18
07d08h54m-07d23h59m:08,03,08,23,20,23
07d10h01m-07d23h59m:60,10,60,25
07d10h53m-07d23h59m:57,30,57,45
08d00h11m-08d20h19m:25,25,30,25,30,30,35,30
08d01h48m-08d21h51m:15,03,22,03,22,08,37,08,37,12
08d03h14m-08d21h54m:67,37,67,22
08d04h38m-08d23h59m:50,10,55,10,55,25
08d06h25m-08d20h11m:10,20,40,20,40,35
08d07h44m-08d23h59m:15,10,30,10,30,18
08d09h00m-08d22h13m:15,40,27,40
08d10h36m-08d22h03m:60,10,60,25
09d00h16m-09d21h24m:57,30,57,45
09d01h28m-09d22h06m:15,25,15,30,20,30,20,35,30,35,30,40
09d02h28m-09d23h59m:15,03,22,03,22,08,37,08,37,12
09d03h24m-09d22h11m:67,37,67,22
09d04h35m-09d21h05m:50,10,55,10,55,25
09d05h47m-09d21h55m:10,20,40,20,40,35
09d06h52m-09d22h36m:15,10,30,10,30,18
09d08h06m-09d20h53m:08,03,08,23,20,23
09d09h11m-09d23h59m:57,30,57,45
09d10h08m-09d22h41m:15,25,15,30,20,30,20,35,30,35,30,40
09d11h18m-09d20h07m:25,25,30,25,30,30,35,30
10d00h23m-10d22h32m:42,08,42,15,47,15,47,27,55,27
10d01h06m-10d21h36m:17,15,25,15
10d02h02m-10d21h49m:25,45,45,45,45,40
10d02h56m-10d21h29m:05,20,05,35
10d03h43m-10d20h48m:15,40,27,40
10d04h36m-10d22h54m:08,03,08,23,20,23
10d05h30m-10d20h21m:57,30,57,45
10d06h08m-10d21h33m:25,25,30,25,30,30,35,30
10d06h58m-10d21h54m:15,03,22,03,22,08,37,08,37,12
10d07h48m-10d22h00m:67,37,67,22
10d08h45m-10d22h51m:17,15,25,15
10d09h23m-10d23h59m:25,45,45,45,45,40
10d10h19m-10d22h05m:05,20,05,35
10d11h26m-10d20h56m:15,10,30,10,30,18
11d00h12m-11d23h59m:15,40,27,40
11d01h21m-11d21h20m:60,10,60,25
11d01h54m-11d23h59m:15,25,15,30,20,30,20,35,30,35,30,40
11d03h10m-11d20h42m:15,03,22,03,22,08,37,08,37,12
11d03h49m-11d21h58m:42,08,42,15,47,15,47,27,55,27
11d04h35m-11d21h24m:17,15,25,15
11d05h42m-11d21h16m:25,45,45,45,45,40
11d06h44m-11d20h56m:10,20,40,20,40,35
11d07h45m-11d21h55m:05,20,05,35
11d08h15m-11d20h32m:15,40,27,40
11d09h25m-11d23h59m:60,10,60,25
11d10h13m-11d22h36m:57,30,57,45
11d11h05m-11d20h28m:15,25,15,30,20,30,20,35,30,35,30,40
12d00h28m-12d20h17m:25,25,30,25,30,30,35,30
12d01h29m-12d20h34m:15,03,22,03,22,08,37,08,37,12
12d02h11m-12d23h59m:67,37,67,22
12d03h46m-12d23h59m:17,15,25,15
12d04h41m-12d20h24m:25,45,45,45,45,40
12d05h31m-12d21h23m:10,20,40,20,40,35
12d06h55m-12d22h57m:05,20,05,35
12d07h57m-12d20h07m:15,40,27,40
12d08h40m-12d22h40m:60,10,60,25
12d09h47m-12d22h20m:15,25,15,30,20,30,20,35,30,35,30,40
12d11h03m-12d22h53m:15,03,22,03,22,08,37,08,37,12
13d00h11m-13d20h11m:42,08,42,15,47,15,47,27,55,27
13d01h47m-13d22h26m:67,37,67,22
13d03h13m-13d20h10m:17,15,25,15
13d04h18m-13d21h35m:25,45,45,45,45,40
13d05h20m-13d20h00m:10,20,40,20,40,35
13d07h13m-13d20h53m:15,10,30,10,30,18
13d08h22m-13d20h33m:08,03,08,23,20,23
13d09h54m-13d20h36m:57,30,57,45
13d11h16m-13d23h59m:25,25,30,25,30,30,35,30
14d00h08m-14d22h29m:42,08,42,15,47,15,47,27,55,27
14d01h12m-14d20h47m:17,15,25,15
14d01h59m-14d21h33m:25,45,45,45,45,40
14d03h00m-14d21h29m:10,20,40,20,40,35
14d04h01m-14d20h02m:15,10,30,10,30,18
14d04h58m-14d23h59m:08,03,08,23,20,23
14d05h47m-14d20h30m:60,10,60,25
14d06h30m-14d21h00m:57,30,57,45
14d07h46m-14d22h13m:15,25,15,30,20,30,20,35,30,35,30,40
14d08h19m-14d22h27m:25,25,30,25,30,30,35,30
14d09h30m-14d22h24m:15,03,22,03,22,08,37,08,37,12
14d10h18m-14d21h39m:67,37,67,22
14d11h24m-14d20h23m:17,15,25,15
15d00h16m-15d23h59m:50,10,55,10,55,25
15d01h26m-15d20h12m:10,20,40,20,40,35
15d02h52m-15d20h45m:15,10,30,10,30,18
15d03h39m-15d21h10m:15,40,27,40
15d05h05m-15d21h10m:08,03,08,23,20,23
15d06h12m-15d22h07m:57,30,57,45
15d07h39m-15d20h15m:25,25,30,25,30,30,35,30
15d08h42m-15d21h40m:15,03,22,03,22,08,37,08,37,12
15d09h41m-15d23h59m:67,37,67,22
15d10h57m-15d23h59m:17,15,25,15
16d00h08m-16d20h47m:25,45,45,45,45,40
16d01h02m-16d23h59m:10,20,40,20,40,35
16d02h15m-16d20h19m:15,10,30,10,30,18
16d03h11m-16d21h25m:08,03,08,23,20,23
16d04h11m-16d21h58m:60,10,60,25
16d05h29m-16d23h59m:15,25,15,30,20,30,20,35,30,35,30,40
16d06h11m-16d22h58m:15,03,22,03,22,08,37,08,37,12
16d07h08m-16d20h32m:42,08,42,15,47,15,47,27,55,27
16d08h22m-16d23h59m:17,15,25,15
16d09h11m-16d23h59m:25,45,45,45,45,40
16d10h14m-16d20h25m:10,20,40,20,40,35
16d11h29m-16d20h17m:05,20,05,35
17d00h00m-17d21h02m:15,10,30,10,30,18
17d01h41m-17d22h16m:08,03,08,23,20,23
17d03h01m-17d22h05m:60,10,60,25
17d04h39m-17d21h55m:57,30,57,45
17d05h47m-17d22h45m:25,25,30,25,30,30,35,30
17d06h42m-17d20h51m:15,03,22,03,22,08,37,08,37,12
17d08h16m-17d20h02m:42,08,42,15,47,15,47,27,55,27
17d09h28m-17d23h59m:67,37,67,22
17d10h56m-17d22h24m:17,15,25,15
18d00h01m-18d21h40m:50,10,55,10,55,25
18d01h07m-18d23h59m:10,20,40,20,40,35
18d02h12m-18d23h59m:15,10,30,10,30,18
18d03h28m-18d23h59m:15,40,27,40
18d04h23m-18d22h01m:08,03,08,23,20,23
18d05h50m-18d22h35m:57,30,57,45
18d06h39m-18d23h59m:25,25,30,25,30,30,35,30
18d08h06m-18d20h52m:42,08,42,15,47,15,47,27,55,27
18d08h44m-18d22h51m:17,15,25,15
18d09h53m-18d22h35m:25,45,45,45,45,40
18d10h51m-18d22h12m:10,20,40,20,40,35
19d00h19m-19d22h22m:15,10,30,10,30,18
19d01h34m-19d23h59m:08,03,08,23,20,23
19d02h29m-19d23h59m:60,10,60,25
19d04h00m-19d21h52m:15,25,15,30,20,30,20,35,30,35,30,40
19d05h11m-19d23h59m:25,25,30,25,30,30,35,30
19d06h22m-19d23h59m:42,08,42,15,47,15,47,27,55,27
19d07h12m-19d21h19m:17,15,25,15
19d08h32m-19d21h47m:50,10,55,10,55,25
19d09h56m-19d20h19m:10,20,40,20,40,35
19d10h51m-19d22h04m:05,20,05,35
20d00h04m-20d22h43m:15,40,27,40
20d02h13m-20d23h59m:60,10,60,25
20d03h05m-20d23h59m:57,30,57,45
20d04h44m-20d21h27m:15,25,15,30,20,30,20,35,30,35,30,40
20d06h30m-20d21h57m:25,25,30,25,30,30,35,30
20d07h52m-20d22h29m:42,08,42,15,47,15,47,27,55,27
20d09h27m-20d22h10m:17,15,25,15
20d10h45m-20d23h59m:25,45,45,45,45,40
21d00h02m-21d23h59m:10,20,40,20,40,35
21d01h41m-21d22h20m:15,10,30,10,30,18
21d02h56m-21d21h17m:08,03,08,23,20,23
21d03h40m-21d23h59m:57,30,57,45
21d05h20m-21d21h27m:15,25,15,30,20,30,20,35,30,35,30,40
21d06h16m-21d22h07m:25,25,30,25,30,30,35,30
21d07h14m-21d21h57m:15,03,22,03,22,08,37,08,37,12
21d08h29m-21d20h44m:42,08,42,15,47,15,47,27,55,27
21d09h49m-21d21h17m:67,37,67,22
21d10h54m-21d23h59m:17,15,25,15
22d00h13m-22d21h11m:25,45,45,45,45,40
22d01h11m-22d20h11m:05,20,05,35
22d02h17m-22d23h59m:15,40,27,40
22d03h34m-22d20h30m:08,03,08,23,20,23
22d04h23m-22d23h59m:57,30,57,45
22d05h26m-22d22h53m:25,25,30,25,30,30,35,30
22d06h58m-22d21h13m:42,08,42,15,47,15,47,27,55,27
22d08h01m-22d20h16m:67,37,67,22
22d08h59m-22d20h39m:17,15,25,15
22d09h52m-22d20h30m:25,45,45,45,45,40
22d11h15m-22d21h19m:10,20,40,20,40,35
23d00h03m-23d22h03m:15,10,30,10,30,18
23d01h34m-23d22h02m:15,40,27,40
23d02h40m-23d23h59m:08,03,08,23,20,23
23d03h26m-23d20h44m:57,30,57,45
23d04h38m-23d23h59m:25,25,30,25,30,30,35,30
23d05h32m-23d23h59m:15,03,22,03,22,08,37,08,37,12
23d07h01m-23d21h58m:42,08,42,15,47,15,47,27,55,27
23d07h53m-23d21h02m:17,15,25,15
23d09h06m-23d22h34m:50,10,55,10,55,25
23d09h58m-23d22h31m:25,45,45,45,45,40
23d11h06m-23d22h20m:05,20,05,35
24d00h15m-24d21h35m:15,10,30,10,30,18
24d01h16m-24d21h18m:15,40,27,40
24d02h08m-24d21h37m:60,10,60,25
24d03h02m-24d21h03m:15,25,15,30,20,30,20,35,30,35,30,40
24d04h01m-24d23h59m:15,03,22,03,22,08,37,08,37,12
24d05h11m-24d22h09m:42,08,42,15,47,15,47,27,55,27
24d06h28m-24d21h49m:67,37,67,22
24d07h09m-24d21h29m:17,15,25,15
24d08h23m-24d23h59m:50,10,55,10,55,25
24d09h14m-24d21h44m:25,45,45,45,45,40
24d10h06m-24d23h59m:05,20,05,35
24d11h10m-24d23h59m:15,10,30,10,30,18
25d00h31m-25d23h59m:08,03,08,23,20,23
25d01h33m-25d20h02m:60,10,60,25
25d02h39m-25d21h57m:57,30,57,45
25d03h42m-25d21h47m:15,25,15,30,20,30,20,35,30,35,30,40
25d04h50m-25d22h30m:25,25,30,25,30,30,35,30
25d05h42m-25d23h59m:15,03,22,03,22,08,37,08,37,12
25d06h46m-25d20h24m:67,37,67,22
25d07h59m-25d21h57m:17,15,25,15
25d08h47m-25d20h43m:50,10,55,10,55,25
25d10h02m-25d20h15m:25,45,45,45,45,40
25d11h09m-25d21h02m:05,20,05,35
26d00h01m-26d22h39m:15,10,30,10,30,18
26d01h34m-26d23h59m:08,03,08,23,20,23
26d03h17m-26d21h15m:60,10,60,25
26d05h10m-26d20h38m:15,25,15,30,20,30,20,35,30,35,30,40
26d06h34m-26d23h59m:15,03,22,03,22,08,37,08,37,12
26d07h36m-26d21h51m:42,08,42,15,47,15,47,27,55,27
26d09h32m-26d22h44m:17,15,25,15
26d10h31m-26d22h44m:50,10,55,10,55,25
27d00h39m-27d22h54m:25,45,45,45,45,40
27d01h34m-27d21h03m:10,20,40,20,40,35
27d03h41m-27d22h14m:05,20,05,35
27d04h45m-27d22h00m:15,10,30,10,30,18
27d06h28m-27d21h07m:08,03,08,23,20,23
27d07h37m-27d21h24m:57,30,57,45
27d09h08m-27d22h06m:15,25,15,30,20,30,20,35,30,35,30,40
27d10h57m-27d20h11m:15,03,22,03,22,08,37,08,37,12
28d00h17m-28d22h08m:67,37,67,22
28d01h13m-28d23h59m:17,15,25,15
28d02h17m-28d23h59m:50,10,55,10,55,25
28d02h59m-28d20h16m:25,45,45,45,45,40
28d03h45m-28d23h59m:10,20,40,20,40,35
28d04h53m-28d22h32m:15,10,30,10,30,18
28d05h36m-28d21h45m:08,03,08,23,20,23
28d06h39m-28d20h59m:57,30,57,45
28d07h42m-28d23h59m:15,25,15,30,20,30,20,35,30,35,30,40
28d08h16m-28d23h59m:15,03,22,03,22,08,37,08,37,12
28d09h10m-28d20h24m:42,08,42,15,47,15,47,27,55,27
28d10h10m-28d22h03m:17,15,25,15
28d11h14m-28d20h23m:50,10,55,10,55,25
