01d00h28m-01d20h12m:15,10,30,10,30,18
01d01h51m-01d21h32m:08,03,08,23,20,23
01d02h54m-01d23h59m:60,10,60,25
01d04h23m-01d20h39m:15,25,15,30,20,30,20,35,30,35,30,40
01d05h30m-01d21h07m:25,25,30,25,30,30,35,30
01d06h42m-01d20h15m:42,08,42,15,47,15,47,27,55,27
01d08h14m-01d20h14m:17,15,25,15
01d09h49m-01d21h37m:50,10,55,10,55,25
01d11h03m-01d22h48m:25,45,45,45,45,40
02d00h15m-02d20h10m:10,20,40,20,40,35
02d01h06m-02d22h26m:15,10,30,10,30,18
02d01h50m-02d21h31m:08,03,08,23,20,23
02d03h08m-02d22h57m:60,10,60,25
02d04h04m-02d21h23m:15,25,15,30,20,30,20,35,30,35,30,40
02d05h01m-02d21h48m:25,25,30,25,30,30,35,30
02d05h45m-02d21h11m:42,08,42,15,47,15,47,27,55,27
02d06h38m-02d22h47m:17,15,25,15
02d07h23m-02d20h02m:25,45,45,45,45,40
02d08h19m-02d20h47m:10,20,40,20,40,35
02d09h34m-02d20h06m:05,20,05,35
02d10h16m-02d23h59m:15,10,30,10,30,18
02d11h11m-02d21h01m:15,40,27,40
03d00h13m-03d21h47m:08,03,08,23,20,23
03d01h13m-03d20h32m:57,30,57,45
03d02h03m-03d20h32m:15,25,15,30,20,30,20,35,30,35,30,40
03d02h47m-03d21h44m:15,03,22,03,22,08,37,08,37,12
03d03h42m-03d21h15m:67,37,67,22
03d04h38m-03d21h10m:17,15,25,15
03d05h24m-03d23h59m:25,45,45,45,45,40
03d06h20m-03d22h26m:05,20,05,35
03d07h02m-03d22h45m:15,40,27,40
03d07h50m-03d20h17m:60,10,60,25
03d08h35m-03d21h24m:57,30,57,45
03d09h23m-03d20h23m:15,25,15,30,20,30,20,35,30,35,30,40
03d10h15m-03d23h59m:25,25,30,25,30,30,35,30
03d11h12m-03d20h12m:42,08,42,15,47,15,47,27,55,27
04d00h05m-04d22h13m:67,37,67,22
04d01h18m-04d20h39m:17,15,25,15
04d02h07m-04d21h43m:25,45,45,45,45,40
04d02h46m-04d21h39m:05,20,05,35
04d04h02m-04d20h17m:15,10,30,10,30,18
04d04h50m-04d22h19m:08,03,08,23,20,23
04d05h30m-04d20h48m:57,30,57,45
04d06h30m-04d23h59m:15,25,15,30,20,30,20,35,30,35,30,40
04d07h45m-04d20h02m:25,25,30,25,30,30,35,30
04d08h15m-04d23h59m:42,08,42,15,47,15,47,27,55,27
04d09h37m-04d21h00m:17,15,25,15
04d10h16m-04d20h10m:25,45,45,45,45,40
04d11h18m-04d23h59m:05,20,05,35
05d00h22m-05d20h39m:15,10,30,10,30,18
05d02h10m-05d20h57m:15,40,27,40
05d03h42m-05d21h15m:60,10,60,25
05d04h36m-05d22h18m:57,30,57,45
05d06h03m-05d23h59m:25,25,30,25,30,30,35,30
05d08h09m-05d21h29m:15,03,22,03,22,08,37,08,37,12
05d09h21m-05d21h41m:42,08,42,15,47,15,47,27,55,27
05d10h52m-05d22h30m:17,15,25,15
06d00h22m-06d20h28m:50,10,55,10,55,25
06d01h08m-06d20h37m:25,45,45,45,45,40
06d02h20m-06d23h59m:10,20,40,20,40,35
06d03h18m-06d22h47m:15,10,30,10,30,18
06d04h35m-06d21h43m:15,40,27,40
06d05h56m-06d20h55m:60,10,60,25
06d07h00m-06d22h05m:15,25,15,30,20,30,20,35,30,35,30,40
06d07h49m-06d20h06m:25,25,30,25,30,30,35,30
06d09h11m-06d20h01m:15,03,22,03,22,08,37,08,37,12
06d10h01m-06d21h48m:42,08,42,15,47,15,47,27,55,27
06d11h12m-06d23h59m:17,15,25,15
07d00h13m-07d22h21m:25,45,45,45,45,40
07d01h31m-07d20h41m:10,20,40,20,40,35
07d02h50m-07d22h58m:15,10,30,10,30,18
07d04h23m-07d20h20m:08,03,08,23,20,23
07d05h57m-07d23h59m:60,10,60,25
07d06h46m-07d22h54m:57,30,57,45
07d08h24m-07d21h16m:25,25,30,25,30,30,35,30
07d09h41m-07d22h33m:42,08,42,15,47,15,47,27,55,27
07d10h48m-07d23h59m:17,15,25,15
08d00h01m-08d21h14m:50,10,55,10,55,25
08d01h45m-08d23h59m:10,20,40,20,40,35
08d03h31m-08d20h49m:15,10,30,10,30,18
08d04h40m-08d20h00m:15,40,27,40
08d06h07m-08d20h05m:08,03,08,23,20,23
08d07h33m-08d20h11m:57,30,57,45
08d09h13m-08d20h24m:25,25,30,25,30,30,35,30
08d10h40m-08d23h59m:15,03,22,03,22,08,37,08,37,12
09d00h33m-09d22h13m:67,37,67,22
09d01h41m-09d21h26m:50,10,55,10,55,25
09d03h40m-09d20h17m:10,20,40,20,40,35
09d04h39m-09d20h39m:15,10,30,10,30,18
09d06h24m-09d21h59m:08,03,08,23,20,23
09d07h51m-09d21h48m:57,30,57,45
09d09h01m-09d21h04m:15,25,15,30,20,30,20,35,30,35,30,40
09d11h05m-09d20h08m:25,25,30,25,30,30,35,30
10d00h02m-10d23h59m:15,03,22,03,22,08,37,08,37,12
10d01h32m-10d23h59m:67,37,67,22
10d03h02m-10d21h43m:50,10,55,10,55,25
10d05h09m-10d21h57m:25,45,45,45,45,40
10d06h44m-10d23h59m:05,20,05,35
10d07h58m-10d22h35m:15,10,30,10,30,18
10d09h42m-10d20h07m:15,40,27,40
10d10h59m-10d21h51m:08,03,08,23,20,23
11d00h00m-11d22h15m:57,30,57,45
11d01h01m-11d20h30m:15,25,15,30,20,30,20,35,30,35,30,40
11d02h12m-11d20h10m:15,03,22,03,22,08,37,08,37,12
11d03h17m-11d22h39m:67,37,67,22
11d04h27m-11d22h00m:17,15,25,15
11d05h18m-11d23h59m:50,10,55,10,55,25
11d06h09m-11d20h04m:25,45,45,45,45,40
11d07h15m-11d21h59m:10,20,40,20,40,35
11d08h06m-11d23h59m:15,10,30,10,30,18
11d09h27m-11d22h25m:15,40,27,40
11d10h16m-11d23h59m:08,03,08,23,20,23
11d11h28m-11d23h59m:60,10,60,25
12d00h22m-12d23h59m:57,30,57,45
12d01h26m-12d20h24m:15,25,15,30,20,30,20,35,30,35,30,40
12d02h59m-12d21h37m:25,25,30,25,30,30,35,30
12d04h10m-12d21h11m:15,03,22,03,22,08,37,08,37,12
12d05h04m-12d22h54m:42,08,42,15,47,15,47,27,55,27
12d06h08m-12d22h42m:67,37,67,22
12d07h19m-12d23h59m:50,10,55,10,55,25
12d08h51m-12d23h59m:10,20,40,20,40,35
12d10h04m-12d20h23m:15,10,30,10,30,18
12d11h06m-12d20h49m:15,40,27,40
13d00h08m-13d21h31m:08,03,08,23,20,23
13d01h00m-13d23h59m:60,10,60,25
13d02h14m-13d20h23m:57,30,57,45
13d03h04m-13d23h59m:15,25,15,30,20,30,20,35,30,35,30,40
13d04h02m-13d23h59m:15,03,22,03,22,08,37,08,37,12
13d04h53m-13d23h59m:42,08,42,15,47,15,47,27,55,27
13d05h34m-13d22h02m:67,37,67,22
13d06h29m-13d21h26m:50,10,55,10,55,25
13d07h36m-13d23h59m:25,45,45,45,45,40
13d08h38m-13d21h32m:05,20,05,35
13d09h20m-13d21h53m:15,40,27,40
13d10h29m-13d22h50m:08,03,08,23,20,23
13d11h08m-13d20h01m:57,30,57,45
14d00h28m-14d22h21m:25,25,30,25,30,30,35,30
14d01h37m-14d22h21m:15,03,22,03,22,08,37,08,37,12
14d02h54m-14d21h13m:67,37,67,22
14d04h10m-14d22h15m:17,15,25,15
14d05h07m-14d22h51m:50,10,55,10,55,25
14d06h05m-14d23h59m:10,20,40,20,40,35
14d07h41m-14d21h57m:05,20,05,35
14d08h28m-14d21h58m:15,10,30,10,30,18
14d09h54m-14d20h09m:08,03,08,23,20,23
14d11h06m-14d20h27m:60,10,60,25
15d00h07m-15d20h16m:57,30,57,45
15d01h23m-15d20h13m:25,25,30,25,30,30,35,30
15d02h59m-15d20h38m:15,03,22,03,22,08,37,08,37,12
15d04h12m-15d23h59m:42,08,42,15,47,15,47,27,55,27
15d05h31m-15d21h43m:17,15,25,15
15d07h17m-15d22h06m:25,45,45,45,45,40
15d08h15m-15d20h24m:10,20,40,20,40,35
15d09h53m-15d20h39m:15,10,30,10,30,18
15d11h04m-15d21h09m:08,03,08,23,20,23
16d00h24m-16d20h45m:57,30,57,45
16d00h53m-16d21h48m:25,25,30,25,30,30,35,30
16d02h06m-16d20h26m:42,08,42,15,47,15,47,27,55,27
16d02h38m-16d21h53m:67,37,67,22
16d03h36m-16d21h51m:50,10,55,10,55,25
16d04h36m-16d21h19m:25,45,45,45,45,40
16d05h06m-16d21h16m:10,20,40,20,40,35
16d06h04m-16d22h28m:15,10,30,10,30,18
16d07h00m-16d20h04m:15,40,27,40
16d07h42m-16d23h59m:08,03,08,23,20,23
16d08h31m-16d20h34m:57,30,57,45
16d09h24m-16d22h51m:15,25,15,30,20,30,20,35,30,35,30,40
16d10h34m-16d20h38m:25,25,30,25,30,30,35,30
16d11h16m-16d20h59m:15,03,22,03,22,08,37,08,37,12
17d00h10m-17d23h59m:67,37,67,22
17d01h14m-17d22h34m:17,15,25,15
17d02h01m-17d23h59m:25,45,45,45,45,40
17d02h42m-17d22h05m:05,20,05,35
17d03h47m-17d21h50m:15,40,27,40
17d04h17m-17d22h06m:60,10,60,25
17d05h07m-17d20h26m:15,25,15,30,20,30,20,35,30,35,30,40
17d06h17m-17d21h43m:25,25,30,25,30,30,35,30
17d06h50m-17d23h59m:42,08,42,15,47,15,47,27,55,27
17d07h42m-17d21h13m:17,15,25,15
17d08h52m-17d21h14m:50,10,55,10,55,25
17d09h36m-17d21h46m:10,20,40,20,40,35
17d10h31m-17d23h59m:15,10,30,10,30,18
17d11h08m-17d23h59m:08,03,08,23,20,23
18d00h16m-18d22h41m:57,30,57,45
18d01h22m-18d20h48m:15,25,15,30,20,30,20,35,30,35,30,40
18d02h10m-18d21h00m:25,25,30,25,30,30,35,30
18d03h09m-18d21h15m:15,03,22,03,22,08,37,08,37,12
18d04h13m-18d22h36m:42,08,42,15,47,15,47,27,55,27
18d05h14m-18d22h45m:67,37,67,22
18d06h11m-18d21h58m:50,10,55,10,55,25
18d07h22m-18d21h03m:10,20,40,20,40,35
18d08h02m-18d23h59m:05,20,05,35
18d09h09m-18d22h09m:15,40,27,40
18d10h19m-18d21h07m:08,03,08,23,20,23
18d11h28m-18d21h08m:57,30,57,45
19d00h03m-19d21h39m:15,25,15,30,20,30,20,35,30,35,30,40
19d02h08m-19d23h59m:25,25,30,25,30,30,35,30
19d03h34m-19d22h22m:42,08,42,15,47,15,47,27,55,27
19d04h46m-19d22h24m:17,15,25,15
19d06h38m-19d22h04m:25,45,45,45,45,40
19d08h07m-19d23h59m:05,20,05,35
19d09h18m-19d21h29m:15,40,27,40
19d11h11m-19d23h59m:60,10,60,25
20d00h01m-20d23h59m:15,25,15,30,20,30,20,35,30,35,30,40
20d01h14m-20d21h21m:15,03,22,03,22,08,37,08,37,12
20d02h31m-20d22h46m:67,37,67,22
20d03h43m-20d21h53m:17,15,25,15
20d04h33m-20d22h19m:50,10,55,10,55,25
20d05h49m-20d20h57m:25,45,45,45,45,40
20d06h33m-20d20h26m:05,20,05,35
20d07h45m-20d22h58m:15,10,30,10,30,18
20d08h53m-20d21h46m:08,03,08,23,20,23
20d10h17m-20d23h59m:60,10,60,25
20d11h16m-20d20h05m:15,25,15,30,20,30,20,35,30,35,30,40
21d00h03m-21d22h33m:25,25,30,25,30,30,35,30
21d01h03m-21d20h27m:15,03,22,03,22,08,37,08,37,12
21d02h28m-21d20h10m:67,37,67,22
21d03h16m-21d22h48m:50,10,55,10,55,25
21d04h22m-21d22h24m:10,20,40,20,40,35
21d05h03m-21d22h27m:05,20,05,35
21d06h16m-21d20h47m:15,40,27,40
21d07h09m-21d22h45m:60,10,60,25
21d08h00m-21d23h59m:57,30,57,45
21d09h00m-21d20h57m:15,25,15,30,20,30,20,35,30,35,30,40
21d10h28m-21d22h43m:15,03,22,03,22,08,37,08,37,12
21d11h28m-21d23h59m:67,37,67,22
22d00h27m-22d21h16m:17,15,25,15
22d01h24m-22d20h03m:25,45,45,45,45,40
22d02h26m-22d20h17m:05,20,05,35
22d03h20m-22d20h29m:15,40,27,40
22d04h41m-22d22h11m:60,10,60,25
22d05h56m-22d20h42m:57,30,57,45
22d06h30m-22d21h26m:15,25,15,30,20,30,20,35,30,35,30,40
22d07h36m-22d20h12m:25,25,30,25,30,30,35,30
22d08h43m-22d21h39m:15,03,22,03,22,08,37,08,37,12
22d10h16m-22d21h01m:67,37,67,22
22d10h56m-22d22h04m:50,10,55,10,55,25
23d00h16m-23d20h21m:10,20,40,20,40,35
23d01h15m-23d20h23m:15,10,30,10,30,18
23d01h48m-23d23h59m:15,40,27,40
23d02h57m-23d22h07m:60,10,60,25
23d03h42m-23d22h28m:15,25,15,30,20,30,20,35,30,35,30,40
23d04h24m-23d21h26m:25,25,30,25,30,30,35,30
23d05h12m-23d22h00m:42,08,42,15,47,15,47,27,55,27
23d06h09m-23d20h57m:67,37,67,22
23d07h06m-23d23h59m:50,10,55,10,55,25
23d07h51m-23d22h44m:25,45,45,45,45,40
23d08h48m-23d23h59m:10,20,40,20,40,35
23d09h29m-23d22h14m:05,20,05,35
23d10h25m-23d22h37m:15,10,30,10,30,18
23d11h13m-23d20h37m:08,03,08,23,20,23
24d00h07m-24d21h33m:60,10,60,25
24d01h15m-24d23h59m:57,30,57,45
24d02h20m-24d22h00m:25,25,30,25,30,30,35,30
24d03h22m-24d21h37m:15,03,22,03,22,08,37,08,37,12
24d04h49m-24d22h00m:67,37,67,22
24d05h37m-24d20h48m:17,15,25,15
24d07h02m-24d20h35m:50,10,55,10,55,25
24d07h59m-24d21h10m:10,20,40,20,40,35
24d08h42m-24d20h21m:15,10,30,10,30,18
24d09h59m-24d23h59m:08,03,08,23,20,23
24d11h10m-24d23h59m:60,10,60,25
25d00h24m-25d22h16m:15,25,15,30,20,30,20,35,30,35,30,40
25d01h15m-25d21h45m:15,03,22,03,22,08,37,08,37,12
25d01h53m-25d20h47m:67,37,67,22
25d03h04m-25d21h21m:17,15,25,15
25d04h06m-25d21h02m:50,10,55,10,55,25
25d04h46m-25d22h11m:25,45,45,45,45,40
25d05h32m-25d20h52m:05,20,05,35
25d06h47m-25d22h57m:15,10,30,10,30,18
25d07h45m-25d21h25m:15,40,27,40
25d08h15m-25d21h54m:08,03,08,23,20,23
25d09h21m-25d20h00m:60,10,60,25
25d10h10m-25d20h11m:57,30,57,45
25d11h11m-25d23h59m:25,25,30,25,30,30,35,30
26d00h10m-26d23h59m:42,08,42,15,47,15,47,27,55,27
26d01h30m-26d22h11m:17,15,25,15
26d02h12m-26d20h47m:50,10,55,10,55,25
26d03h33m-26d23h59m:25,45,45,45,45,40
26d04h38m-26d20h55m:05,20,05,35
26d05h38m-26d22h43m:15,40,27,40
26d06h47m-26d20h17m:08,03,08,23,20,23
26d07h52m-26d23h59m:60,10,60,25
26d09h08m-26d21h40m:57,30,57,45
26d09h57m-26d22h03m:25,25,30,25,30,30,35,30
26d10h50m-26d23h59m:42,08,42,15,47,15,47,27,55,27
27d00h03m-27d20h59m:17,15,25,15
27d01h40m-27d23h59m:25,45,45,45,45,40
27d02h59m-27d22h18m:10,20,40,20,40,35
27d03h59m-27d22h42m:15,10,30,10,30,18
27d05h00m-27d20h53m:15,40,27,40
27d06h20m-27d23h59m:60,10,60,25
27d07h12m-27d22h23m:15,25,15,30,20,30,20,35,30,35,30,40
27d08h38m-27d23h59m:25,25,30,25,30,30,35,30
27d09h55m-27d22h40m:42,08,42,15,47,15,47,27,55,27
27d11h21m-27d20h22m:67,37,67,22
28d00h18m-28d20h08m:50,10,55,10,55,25
28d01h36m-28d20h21m:10,20,40,20,40,35
28d02h46m-28d20h26m:15,10,30,10,30,18
28d04h18m-28d23h59m:08,03,08,23,20,23
28d05h48m-28d20h59m:60,10,60,25
28d07h03m-28d22h54m:57,30,57,45
28d08h00m-28d22h37m:15,25,15,30,20,30,20,35,30,35,30,40
28d09h30m-28d22h53m:15,03,22,03,22,08,37,08,37,12
28d11h06m-28d22h29m:42,08,42,15,47,15,47,27,55,27
